1074995798 70 0 507 2 1052279022 1054250762 1068717298 70 508 0 1052279022 1054250762 1068717298
1065353216 21 1 4280 7 3219374199 1063552616 1066069153 21 4281 7 3219374199 1063552616 1066069153
1073741824 31 1 6827 11 1064496750 3219245918 1009656097 17 0 0 0 0 0
1073741824 3 1 5017 12 3205608903 3197924495 1067020512 51 0 0 3205608903 3197924495 1067020512
1066242878 13 0 6250 13 1046715266 3206112657 1065299968 17 0 0 1046715266 3206112657 1065299968
3213834186 41 0 6249 9 1064364397 3196552799 1070478571 41 6250 0 1064364397 3196552799 1070478571
1073741824 31 2 3072 5 3215166306 1063266142 3211229700 31 3073 0 3215166306 1063266142 3211229700
1073741824 31 1 6250 12 3205517161 1048731159 3211367525 51 0 0 3205517161 1048731159 3211367525
2143289344 14 1 1431 5 3201521560 3206804131 1072371413 14 1432 5 3201521560 3206804131 1072371413
2139095040 32 1 2693 5 1066854804 3216841045 3215899708 32 2694 6 0 0 0
3220029828 17 0 4294967295 4 3198472237 1061380323 1071714379 17 0 0 3198472237 1061380323 1071714379
1073741824 34 1 3616 4294967295 3213399020 1069772184 1052401450 34 3617 0 0 0 0
1052065325 55 1 5049 3 1059034696 3212074497 3176270808 55 5050 3 1059034696 3212074497 3176270808
1065353216 29 1 7179 8 3212763066 1073225895 3215543486 17 0 0 3212763066 1073225895 3215543486
1073741824 4 1 7448 11 3216898226 1063872367 3210789129 17 0 0 0 0 0
1073741824 1 1 2998 12 1057437044 1051222796 3212936059 51 0 0 1057437044 1051222796 3212936059
1070482677 10 0 6250 4 1028561135 1053386162 1066496636 17 0 0 1028561135 1053386162 1066496636
3173179824 21 0 6249 17 1070861641 3207800768 1068291305 21 6250 0 1070861641 3207800768 1068291305
1073741824 20 2 3499 5 3178273775 1053230211 1063526482 20 3500 0 3178273775 1053230211 1063526482
1073741824 59 1 6250 12 1072813668 3209816950 3212571537 51 0 0 1072813668 3209816950 3212571537
2143289344 7 1 1492 5 3221178029 1066361775 3199342605 7 1493 5 3221178029 1066361775 3199342605
2139095040 73 1 5961 5 1071864122 3213142127 3207123608 73 5962 6 0 0 0
1047849358 34 0 4294967295 8 1064991078 1068447208 3196390717 34 0 0 1064991078 1068447208 3196390717
1073741824 11 1 6495 4294967295 1062769258 1062196665 1059188603 17 0 0 0 0 0
1075660030 5 1 5790 0 1057161936 3210331878 3217512269 5 5791 1 0 0 0
1065353216 33 1 2570 15 1070134512 1065477008 3220974439 33 2571 15 1070134512 1065477008 3220974439
1073741824 63 1 2884 11 3197887541 1061956234 1040995334 63 2885 12 0 0 0
1073741824 1 1 3973 12 3216389036 1069939435 1065626148 51 0 0 3216389036 1069939435 1065626148
1036229249 35 0 6250 13 3217949972 3217457875 3217658163 17 0 0 3217949972 3217457875 3217658163
1058991038 22 0 6249 16 3196229991 1061809718 1056852913 22 6250 0 3196229991 1061809718 1056852913
1073741824 75 2 2758 5 1065368303 3218719858 1047260439 75 2759 0 1065368303 3218719858 1047260439
1073741824 16 1 6250 12 3188818885 1065074083 1055841893 51 0 0 3188818885 1065074083 1055841893
2143289344 70 1 15 5 3212477275 1072175081 1023478701 70 16 5 3212477275 1072175081 1023478701
2139095040 34 1 1240 5 1059526133 3217560728 3207258472 34 1241 6 0 0 0
1062627586 16 0 4294967295 0 1062602473 1073179651 1054266651 16 0 0 1062602473 1073179651 1054266651
1073741824 15 1 6945 4294967295 1066044585 1063296374 1064913438 17 0 0 0 0 0
1052670515 39 1 5146 2 3218669712 3212711714 1062865385 39 5147 2 3218669712 3212711714 1062865385
1065353216 55 1 2409 14 1046691446 3219625895 3218540640 55 2410 14 1046691446 3219625895 3218540640
1073741824 77 1 7983 11 3207263029 3193645265 1073332472 17 0 0 0 0 0
1073741824 37 1 6932 12 1040419934 1064559897 1019798720 51 0 0 1040419934 1064559897 1019798720
1068673061 49 0 6250 13 3214595911 3204672129 3217265733 17 0 0 3214595911 3204672129 3217265733
1074895641 32 0 6249 13 3158974943 1072383477 1072186938 32 6250 0 3158974943 1072383477 1072186938
1073741824 72 2 4672 5 1062277772 3217226311 3219608063 72 4673 0 1062277772 3217226311 3219608063
1073741824 68 1 6250 12 3213705094 3197869720 3209758038 51 0 0 3213705094 3197869720 3209758038
2143289344 29 1 4896 5 1064679558 3193549960 1068240710 29 4897 5 1064679558 3193549960 1068240710
2139095040 52 1 6667 5 1067724626 1035846124 3217701016 17 0 0 0 0 0
1037544097 23 0 4294967295 15 1034288431 1068101142 3192952626 23 0 0 1034288431 1068101142 3192952626
1073741824 41 1 578 4294967295 1067214755 1058118270 1047675084 41 579 0 0 0 0
3213099503 60 0 2178 0 3219475181 1071458581 1069841201 60 2179 0 3219475181 1071458581 1069841201
1065353216 5 1 3483 12 1072528841 3206037066 3211133370 5 3484 12 1072528841 3206037066 3211133370
1073741824 68 1 4869 11 3221089112 1070346883 1071036320 68 4870 12 0 0 0
1073741824 3 1 6434 12 1065485787 1072269779 1073173801 51 0 0 1065485787 1072269779 1073173801
3202704931 26 0 6250 10 1072835199 1068038290 3201819331 17 0 0 1072835199 1068038290 3201819331
1065568258 57 0 6249 3 3186226679 1038705547 1060107862 57 6250 0 3186226679 1038705547 1060107862
1073741824 39 2 7341 5 3204798765 1045899468 1067549488 17 0 0 3204798765 1045899468 1067549488
1073741824 11 1 6250 12 1041371425 1067106368 3184624838 51 0 0 1041371425 1067106368 3184624838
2143289344 26 1 7159 5 1069957769 1067916466 1069685843 17 0 0 1069957769 1067916466 1069685843
2139095040 32 1 869 5 3220144305 3213838904 1028987905 32 870 6 0 0 0
1073012528 70 0 4294967295 17 3213985868 3213485683 3214413002 70 0 0 3213985868 3213485683 3214413002
1073741824 76 1 6079 4294967295 1054430270 1055780969 3212852570 76 6080 0 0 0 0
1070258119 26 1 2315 3 1062641235 1060354883 1038361534 26 2316 4 0 0 0
1065353216 70 1 4538 3 1062239267 1029446271 3219161116 70 4539 3 1062239267 1029446271 3219161116
1073741824 41 1 5903 11 1044303575 1071956277 1065103384 41 5904 12 0 0 0
1073741824 56 1 4769 12 1066874255 3218886286 3196689907 51 0 0 1066874255 3218886286 3196689907
3213433398 53 0 6250 12 1042385206 1046215325 1070113883 17 0 0 1042385206 1046215325 1070113883
3212582990 73 0 6249 0 1073002376 1069933055 3212002923 73 6250 0 1073002376 1069933055 3212002923
1073741824 39 2 2574 5 3215515657 1069129404 1068145199 39 2575 0 3215515657 1069129404 1068145199
1073741824 13 1 6250 12 3189059869 1058351922 1073203778 51 0 0 3189059869 1058351922 1073203778
2143289344 71 1 7113 5 1065867231 1067385425 1065723490 17 0 0 1065867231 1067385425 1065723490
2139095040 0 1 4643 5 3211125250 3191118895 3181059525 0 4644 6 0 0 0
3210571536 14 0 4294967295 14 3210853728 1037501391 1065853256 14 0 0 3210853728 1037501391 1065853256
1073741824 36 1 132 4294967295 3216220026 1054313511 3219695502 36 133 0 0 0 0
3192010065 59 0 1235 7 3203204065 3205937856 1066748883 59 1236 0 3203204065 3205937856 1066748883
1065353216 5 1 94 20 3198585618 3221220259 3209623420 5 95 20 3198585618 3221220259 3209623420
1073741824 15 1 7011 11 3131062825 1062627223 3213637461 17 0 0 0 0 0
1073741824 34 1 1580 12 1050381852 1073089196 1062874184 51 0 0 1050381852 1073089196 1062874184
3216830303 40 0 6250 13 1046881370 3213750872 3188298025 17 0 0 1046881370 3213750872 3188298025
1075254840 29 0 6249 3 1042749792 1072180383 3197664163 29 6250 0 1042749792 1072180383 3197664163
1073741824 44 2 5255 5 1068050794 3204365847 3206499875 44 5256 0 1068050794 3204365847 3206499875
1073741824 66 1 6250 12 1032453033 3216364110 1071168138 51 0 0 1032453033 3216364110 1071168138
2143289344 61 1 1140 5 3211791795 1066210158 3217691443 61 1141 5 3211791795 1066210158 3217691443
2139095040 62 1 5237 5 3209323735 3171186377 3197131771 62 5238 6 0 0 0
1077682852 16 0 4294967295 20 1066550201 3190093345 1062804575 16 0 0 1066550201 3190093345 1062804575
1073741824 38 1 4853 4294967295 1065947527 3209586877 3180898084 38 4854 0 0 0 0
3211921377 19 0 6610 8 1062159453 1064868970 3221080600 17 0 0 1062159453 1064868970 3221080600
1065353216 15 1 7304 20 1070360320 3220568718 1064796518 17 0 0 1070360320 3220568718 1064796518
1073741824 79 1 5374 11 3209159911 1072016057 1065207498 79 5375 12 0 0 0
1073741824 60 1 1522 12 1054803530 1067936143 3218650585 51 0 0 1054803530 1067936143 3218650585
3219513700 66 0 6250 11 3196988575 3219957496 1073227090 17 0 0 3196988575 3219957496 1073227090
3176946769 9 0 6249 12 3217854304 1062779512 1065845995 9 6250 0 3217854304 1062779512 1065845995
1073741824 51 2 1871 5 3200218228 1067422099 1069580101 51 1872 0 3200218228 1067422099 1069580101
1073741824 45 1 6250 12 1044445133 3215086259 1060321237 51 0 0 1044445133 3215086259 1060321237
2143289344 67 1 1322 5 1068053398 1063749764 1053607182 67 1323 5 1068053398 1063749764 1053607182
2139095040 24 1 7381 5 1059814714 1069721464 3218274710 17 0 0 0 0 0
3214136192 49 0 4294967295 10 3218641214 1023843600 3217344006 49 0 0 3218641214 1023843600 3217344006
1073741824 65 1 1440 4294967295 1065571667 3207988370 3207340233 65 1441 0 0 0 0
1056679580 74 1 1027 13 3211872564 3177179069 1046639389 74 1028 13 3211872564 3177179069 1046639389
1065353216 12 1 6560 13 1066521155 1060975583 3201742535 17 0 0 1066521155 1060975583 3201742535
1073741824 21 1 5278 11 3209356536 3208401224 3181934359 21 5279 12 0 0 0
1073741824 62 1 4408 12 3212992866 3203296651 1072575945 51 0 0 3212992866 3203296651 1072575945
1071649489 79 0 6250 20 1058705026 3207238431 1052758461 17 0 0 1058705026 3207238431 1052758461
3191561560 48 0 6249 0 3218974844 1068828381 3208383894 48 6250 0 3218974844 1068828381 3208383894
1073741824 49 2 4982 5 3215901658 3218578358 1058100393 49 4983 0 3215901658 3218578358 1058100393
1073741824 64 1 6250 12 1037792319 3213945440 3218437228 51 0 0 1037792319 3213945440 3218437228
2143289344 12 1 4787 5 3212230077 1066076838 1072626934 12 4788 5 3212230077 1066076838 1072626934
2139095040 14 1 141 5 1068569045 3217765626 3217567618 14 142 6 0 0 0
1075465359 65 0 4294967295 14 3211265555 3213568318 3176227566 65 0 0 3211265555 3213568318 3176227566
1073741824 50 1 6214 4294967295 1049250881 1057744738 1070755405 50 6215 0 0 0 0
1076968697 51 0 7496 13 3212659164 1064966087 3204957489 17 0 0 3212659164 1064966087 3204957489
1065353216 43 1 1468 14 3204454376 3216988730 3215692088 43 1469 14 3204454376 3216988730 3215692088
1073741824 42 1 155 11 1066357235 3205369012 3202522308 42 156 12 0 0 0
1073741824 2 1 4924 12 3208154971 3217948260 1059924996 51 0 0 3208154971 3217948260 1059924996
1061999562 52 0 6250 3 1071905541 1056906900 3197945026 17 0 0 1071905541 1056906900 3197945026
1065394974 79 0 6249 5 1050710852 1052228292 1067058129 79 6250 0 1050710852 1052228292 1067058129
1073741824 15 2 561 5 3203871017 1067528000 1073501152 15 562 0 3203871017 1067528000 1073501152
1073741824 6 1 6250 12 3207968899 1066016681 1062615734 51 0 0 3207968899 1066016681 1062615734
2143289344 25 1 3482 5 1039689624 1063118336 1060451497 25 3483 5 1039689624 1063118336 1060451497
2139095040 35 1 910 5 1069593900 3205386931 1071600886 35 911 6 0 0 0
3206182548 73 0 4294967295 9 3220075846 1072391561 1072462848 73 0 0 3220075846 1072391561 1072462848
1073741824 8 1 4944 4294967295 1056064897 3218370688 1061410817 8 4945 0 0 0 0
3217599304 71 1 6004 5 3188748267 3201311504 3213777529 71 6005 5 3188748267 3201311504 3213777529
1065353216 33 1 218 15 3217489448 3209277513 1065545457 33 219 15 3217489448 3209277513 1065545457
1073741824 28 1 379 11 1013592604 1073649567 1073091721 28 380 12 0 0 0
1073741824 34 1 7446 12 3186925553 3206171677 3213665079 51 0 0 3186925553 3206171677 3213665079
3214367590 44 0 6250 15 3192685881 3216564078 3206882931 17 0 0 3192685881 3216564078 3206882931
1048599707 71 0 6249 12 1066387323 1016530537 3219518831 71 6250 0 1066387323 1016530537 3219518831
1073741824 24 2 6094 5 1072372826 3219225781 3190920990 24 6095 0 1072372826 3219225781 3190920990
1073741824 31 1 6250 12 3201001371 3220247372 1061849114 51 0 0 3201001371 3220247372 1061849114
2143289344 47 1 3048 5 1073299619 3219619582 3215531253 47 3049 5 1073299619 3219619582 3215531253
2139095040 78 1 7608 5 3204216250 1067996903 1067370740 17 0 0 0 0 0
3218074100 40 0 4294967295 8 3204381820 1041818433 1067071656 40 0 0 3204381820 1041818433 1067071656
1073741824 4 1 1152 4294967295 1041930909 1067535904 1027246500 4 1153 0 0 0 0
1076277985 39 1 6656 1 3209256212 3214787602 3204628489 17 0 0 0 0 0
1065353216 2 1 6700 2 3217124306 1058625748 1069926332 17 0 0 3217124306 1058625748 1069926332
1073741824 73 1 6962 11 3219231043 3173166574 3162695287 17 0 0 0 0 0
1073741824 26 1 2432 12 1056214778 3184733705 3190554310 51 0 0 1056214778 3184733705 3190554310
1074698531 46 0 6250 1 1072929247 3184369913 1070231066 17 0 0 1072929247 3184369913 1070231066
1075610568 41 0 6249 4 1069990011 1066004500 1070824152 41 6250 0 1069990011 1066004500 1070824152
1073741824 39 2 4930 5 3197314620 3214068513 3209428192 39 4931 0 3197314620 3214068513 3209428192
1073741824 2 1 6250 12 3207876259 3207407288 3220650625 51 0 0 3207876259 3207407288 3220650625
2143289344 17 1 2101 5 1071319007 3188078195 1073162539 17 2102 5 1071319007 3188078195 1073162539
2139095040 63 1 6243 5 1073390070 1069492472 3218043929 63 6244 6 0 0 0
3219898026 48 0 4294967295 14 3211805555 1068914933 3201875339 48 0 0 3211805555 1068914933 3201875339
1073741824 2 1 4076 4294967295 3214718417 1061340673 3221019379 2 4077 0 0 0 0
1072307663 63 1 4975 1 3220119202 1021601715 1065866122 63 4976 2 0 0 0
1065353216 60 1 1324 0 1061296484 1050804497 1060814307 60 1325 0 1061296484 1050804497 1060814307
1073741824 18 1 146 11 1067394215 1073004794 3214080413 18 147 12 0 0 0
1073741824 22 1 5356 12 1039392370 1070910827 1050129658 51 0 0 1039392370 1070910827 1050129658
3213326643 16 0 6250 18 1064548644 3216295091 1072722473 17 0 0 1064548644 3216295091 1072722473
3217514018 35 0 6249 15 3219622384 1069197906 1072712973 35 6250 0 3219622384 1069197906 1072712973
1073741824 25 2 177 5 1057887869 3213509238 3188208790 25 178 0 1057887869 3213509238 3188208790
1073741824 46 1 6250 12 3215248879 1029839517 3220866660 51 0 0 3215248879 1029839517 3220866660
2143289344 5 1 7647 5 3215393604 3208290204 1071376573 17 0 0 3215393604 3208290204 1071376573
2139095040 65 1 3506 5 3205986198 3214687254 3218195409 65 3507 6 0 0 0
1064698679 31 0 4294967295 3 3215819371 3205566511 3192451869 31 0 0 3215819371 3205566511 3192451869
1073741824 27 1 296 4294967295 1061189295 3214236790 1047766541 27 297 0 0 0 0
1072074294 30 1 2096 10 1066853618 1050399944 1073467974 30 2097 11 0 0 0
1065353216 47 1 5552 13 1051363130 3207365283 3218887258 47 5553 13 1051363130 3207365283 3218887258
1073741824 63 1 4012 11 3219678484 3181529942 1067682898 63 4013 12 0 0 0
1073741824 11 1 5898 12 1067559937 1072300322 3215812630 51 0 0 1067559937 1072300322 3215812630
1065865596 12 0 6250 17 3217867001 1061360328 1067023198 17 0 0 3217867001 1061360328 1067023198
1068992476 13 0 6249 19 1058028230 1069981075 3216964771 13 6250 0 1058028230 1069981075 3216964771
1073741824 24 2 2837 5 1069990820 1071674999 3189809594 24 2838 0 1069990820 1071674999 3189809594
1073741824 19 1 6250 12 3217030487 3216517191 3183322544 51 0 0 3217030487 3216517191 3183322544
2143289344 48 1 1680 5 3214909387 1061008074 3213136000 48 1681 5 3214909387 1061008074 3213136000
2139095040 55 1 3505 5 1068370673 3205071144 3217539208 55 3506 6 0 0 0
1040214015 56 0 4294967295 10 1066529624 3220617810 3215123270 56 0 0 1066529624 3220617810 3215123270
1073741824 71 1 3571 4294967295 1069861894 3213454274 3204644551 71 3572 0 0 0 0
1030170750 16 1 3207 20 1062786470 1072855426 3202907856 16 3208 20 1062786470 1072855426 3202907856
1065353216 37 1 2620 16 1055577288 3214875630 1062387432 37 2621 16 1055577288 3214875630 1062387432
1073741824 9 1 7420 11 3177699647 3215259531 1066903912 17 0 0 0 0 0
1073741824 60 1 7822 12 3202086126 1066091037 3204910414 51 0 0 3202086126 1066091037 3204910414
3216393621 20 0 6250 3 3214336489 1072566852 1071088326 17 0 0 3214336489 1072566852 1071088326
1076797165 57 0 6249 2 1073065285 3207535654 1068963938 57 6250 0 1073065285 3207535654 1068963938
1073741824 20 2 6411 5 1045029074 1059827593 1045173575 17 0 0 1045029074 1059827593 1045173575
1073741824 64 1 6250 12 1071755286 3220979980 3188512631 51 0 0 1071755286 3220979980 3188512631
2143289344 53 1 1307 5 3217441882 1073198686 1069705843 53 1308 5 3217441882 1073198686 1069705843
2139095040 66 1 6624 5 1071125331 1065432536 1059270416 17 0 0 0 0 0
1067872735 27 0 4294967295 7 3202504519 1071608375 3191111210 27 0 0 3202504519 1071608375 3191111210
1073741824 68 1 2888 4294967295 3216999733 3219769523 1073559860 68 2889 0 0 0 0
3215865512 67 1 5897 12 1058435925 1009596324 1068019528 67 5898 12 1058435925 1009596324 1068019528
1065353216 38 1 449 18 1051250602 1069388912 3197019634 38 450 18 1051250602 1069388912 3197019634
1073741824 38 1 4699 11 3214906510 1060689588 1057810125 38 4700 12 0 0 0
1073741824 68 1 894 12 1065385268 1062978039 3180109935 51 0 0 1065385268 1062978039 3180109935
1061640131 17 0 6250 14 3202158483 3209586983 3211956045 17 0 0 3202158483 3209586983 3211956045
1071079016 54 0 6249 9 1050622838 1065852258 3220730224 54 6250 0 1050622838 1065852258 3220730224
1073741824 30 2 5958 5 3219307601 1069139593 3211150241 30 5959 0 3219307601 1069139593 3211150241
1073741824 32 1 6250 12 1071839725 1054554175 1033004836 51 0 0 1071839725 1054554175 1033004836
2143289344 30 1 3259 5 3207662529 1073175826 3205365675 30 3260 5 3207662529 1073175826 3205365675
2139095040 0 1 4353 5 3199420749 1069078403 1049952230 0 4354 6 0 0 0
1077319128 44 0 4294967295 11 3213900299 1070487286 3198568807 44 0 0 3213900299 1070487286 3198568807
1073741824 48 1 995 4294967295 3208363496 3219747526 1037839496 48 996 0 0 0 0
3213450140 50 1 3093 18 1057414246 1070788173 3218580197 50 3094 18 1057414246 1070788173 3218580197
1065353216 1 1 3104 12 3214108655 1056263634 3217705392 1 3105 12 3214108655 1056263634 3217705392
1073741824 77 1 6594 11 1071019022 1072446114 1070409107 17 0 0 0 0 0
1073741824 26 1 6733 12 1060021614 3179416666 1064156444 51 0 0 1060021614 3179416666 1064156444
3217471422 55 0 6250 5 3219312214 3219151822 1058734915 17 0 0 3219312214 3219151822 1058734915
3213410478 46 0 6249 11 1046135526 3212229771 3214717853 46 6250 0 1046135526 3212229771 3214717853
1073741824 19 2 4638 5 3217723617 3215736127 1071546418 19 4639 0 3217723617 3215736127 1071546418
1073741824 3 1 6250 12 1057012512 3199722327 3219891410 51 0 0 1057012512 3199722327 3219891410
2143289344 40 1 7510 5 1072484378 3219702858 3220915212 17 0 0 1072484378 3219702858 3220915212
2139095040 68 1 7474 5 1072246390 1065109493 3216633137 17 0 0 0 0 0
1070272234 14 0 4294967295 9 3198380200 3215825640 3211709269 14 0 0 3198380200 3215825640 3211709269
1073741824 45 1 2129 4294967295 3199052553 1051145413 1072835814 45 2130 0 0 0 0
1077362129 35 0 5846 18 3193014561 1057154212 1068435638 35 5847 0 3193014561 1057154212 1068435638
1065353216 6 1 296 15 1062649149 3214829133 1071144301 6 297 15 1062649149 3214829133 1071144301
1073741824 34 1 3166 11 3218055011 3217708530 3215420575 34 3167 12 0 0 0
1073741824 52 1 6336 12 994152310 3220947712 1067118246 51 0 0 994152310 3220947712 1067118246
3220087235 38 0 6250 11 1037498576 3220412966 1068345768 17 0 0 1037498576 3220412966 1068345768
1053359271 17 0 6249 8 3203121870 3213621148 1064003434 17 6250 0 3203121870 3213621148 1064003434
1073741824 49 2 2269 5 3203071083 3216471339 3204829639 49 2270 0 3203071083 3216471339 3204829639
1073741824 12 1 6250 12 3220596486 3207363433 3183802012 51 0 0 3220596486 3207363433 3183802012
2143289344 23 1 2490 5 3213501197 3213965454 1068991019 23 2491 5 3213501197 3213965454 1068991019
2139095040 36 1 6695 5 1061853862 3211391033 1061868800 17 0 0 0 0 0
3184628584 17 0 4294967295 9 1067219871 1063568816 3189522036 17 0 0 1067219871 1063568816 3189522036
1073741824 46 1 3374 4294967295 1065868769 3218769945 3218239170 46 3375 0 0 0 0
3214697917 67 0 404 18 1044414181 3217077559 3217836704 67 405 0 1044414181 3217077559 3217836704
1065353216 18 1 6532 18 1070875680 1059259848 1063225800 17 0 0 1070875680 1059259848 1063225800
1073741824 69 1 1305 11 3216003881 3211757286 3208078136 69 1306 12 0 0 0
1073741824 0 1 5260 12 1066339586 1061218161 3219902512 51 0 0 1066339586 1061218161 3219902512
3201837034 31 0 6250 17 3215451119 3206433549 3213839646 17 0 0 3215451119 3206433549 3213839646
3199727080 31 0 6249 17 3207887474 3215891734 1073280661 31 6250 0 3207887474 3215891734 1073280661
1073741824 70 2 6154 5 1050459869 3211218673 3165477411 70 6155 0 1050459869 3211218673 3165477411
1073741824 71 1 6250 12 1071235403 1060417715 1065854011 51 0 0 1071235403 1060417715 1065854011
2143289344 77 1 7874 5 1055606612 1030936458 3217137838 17 0 0 1055606612 1030936458 3217137838
2139095040 65 1 1695 5 1073039074 1063212277 1069734341 65 1696 6 0 0 0
1050349792 70 0 4294967295 18 1072733363 1068886434 3215901731 70 0 0 1072733363 1068886434 3215901731
1073741824 71 1 2986 4294967295 1035983207 3214689368 1063068210 71 2987 0 0 0 0
1074878392 31 1 7296 13 3221054563 1040845530 3217477818 51 0 0 3221054563 1040845530 3217477818
1065353216 23 1 1635 17 1071782005 1073110594 3214891303 23 1636 17 1071782005 1073110594 3214891303
1073741824 55 1 1234 11 3216976665 1043921137 3194209554 55 1235 12 0 0 0
1073741824 58 1 7430 12 1067499223 1061845775 1051420191 51 0 0 1067499223 1061845775 1051420191
1063522374 27 0 6250 1 3213784985 3218135232 1066791702 17 0 0 3213784985 3218135232 1066791702
1077438238 41 0 6249 5 3215381552 1056370658 3208833741 41 6250 0 3215381552 1056370658 3208833741
1073741824 79 2 4023 5 1046361639 1062992784 1050798486 79 4024 0 1046361639 1062992784 1050798486
1073741824 44 1 6250 12 3213731095 1057574516 1058650140 51 0 0 3213731095 1057574516 1058650140
2143289344 36 1 4941 5 3183201947 3206579968 3218321297 36 4942 5 3183201947 3206579968 3218321297
2139095040 45 1 1469 5 3210680430 3217351226 3211157193 45 1470 6 0 0 0
1073159230 45 0 4294967295 5 3216729052 1070232338 3208791621 45 0 0 3216729052 1070232338 3208791621
1073741824 4 1 176 4294967295 1063207948 1069573002 3219276792 4 177 0 0 0 0
1069400497 50 1 875 4 3218499161 3217767893 3218992759 50 876 5 0 0 0
1065353216 6 1 3396 13 1049527444 1069740374 1070105662 6 3397 13 1049527444 1069740374 1070105662
1073741824 38 1 1323 11 3211376603 1072861761 1072208230 38 1324 12 0 0 0
1073741824 8 1 7300 12 3214774370 3216466770 3216312796 51 0 0 3214774370 3216466770 3216312796
3216020229 54 0 6250 19 3218535368 1065828723 3213209556 17 0 0 3218535368 1065828723 3213209556
3194185792 8 0 6249 9 3208477718 3213352548 1064691862 8 6250 0 3208477718 3213352548 1064691862
1073741824 40 2 2122 5 1009305363 1069847791 1069624541 40 2123 0 1009305363 1069847791 1069624541
1073741824 29 1 6250 12 1071777174 3214103355 1066637475 51 0 0 1071777174 3214103355 1066637475
2143289344 16 1 3553 5 3210186953 3196465098 3162489209 16 3554 5 3210186953 3196465098 3162489209
2139095040 67 1 820 5 3219944829 1060025786 1066403000 67 821 6 0 0 0
1070280464 12 0 4294967295 0 1070393912 3171290536 1066184262 12 0 0 1070393912 3171290536 1066184262
1073741824 76 1 6914 4294967295 3210085608 1070376942 1066651182 17 0 0 0 0 0
1076642218 66 0 1744 9 1058442862 1070629944 1064594252 66 1745 0 1058442862 1070629944 1064594252
1065353216 64 1 1105 16 3216734413 1038229250 3218740639 64 1106 16 3216734413 1038229250 3218740639
1073741824 57 1 5575 11 1072383161 3218739501 3212907416 57 5576 12 0 0 0
1073741824 51 1 4661 12 3175204549 3213128898 3209187540 51 0 0 3175204549 3213128898 3209187540
3220942548 16 0 6250 5 3205941945 3162900794 3220010140 17 0 0 3205941945 3162900794 3220010140
3220562751 61 0 6249 19 3208695538 1073701047 3177757264 61 6250 0 3208695538 1073701047 3177757264
1073741824 16 2 546 5 1064590026 3204904043 3204503275 16 547 0 1064590026 3204904043 3204503275
1073741824 78 1 6250 12 1051325827 1069375551 1058054783 51 0 0 1051325827 1069375551 1058054783
2143289344 78 1 2953 5 1066274549 1066173987 1067192975 78 2954 5 1066274549 1066173987 1067192975
2139095040 67 1 958 5 1067492713 3198444982 1072435595 67 959 6 0 0 0
1075058631 56 0 4294967295 1 3213436060 1042885038 3216004572 56 0 0 3213436060 1042885038 3216004572
1073741824 68 1 3305 4294967295 1072356120 3169007531 3203741266 68 3306 0 0 0 0
3214305959 1 0 7960 9 3210752347 3216922863 1058423920 17 0 0 3210752347 3216922863 1058423920
1065353216 32 1 7734 2 3214422725 3215636202 3217464146 17 0 0 3214422725 3215636202 3217464146
1073741824 60 1 5802 11 3185311287 3219600544 1069913245 60 5803 12 0 0 0
1073741824 18 1 4370 12 1045743336 1070102598 3213815258 51 0 0 1045743336 1070102598 3213815258
1069883789 11 0 6250 11 3182718748 1069198466 3210025125 17 0 0 3182718748 1069198466 3210025125
1076431059 75 0 6249 13 1071638075 1050180333 3211112753 75 6250 0 1071638075 1050180333 3211112753
1073741824 3 2 6734 5 1069509802 3214608282 1069846246 17 0 0 1069509802 3214608282 1069846246
1073741824 22 1 6250 12 1073556610 3208156969 3206506644 51 0 0 1073556610 3208156969 3206506644
2143289344 3 1 2794 5 1070359778 1067192297 3204730887 3 2795 5 1070359778 1067192297 3204730887
2139095040 49 1 775 5 3207320596 1068932959 1066381402 49 776 6 0 0 0
1045972629 63 0 4294967295 4 1060358866 1069846670 1072707717 63 0 0 1060358866 1069846670 1072707717
1073741824 58 1 4363 4294967295 1061965577 1011251357 1061305960 58 4364 0 0 0 0
1034317315 79 1 434 19 3184144269 3220707139 3209401260 79 435 19 3184144269 3220707139 3209401260
1065353216 9 1 2323 8 1071428763 3192674566 1053915015 9 2324 8 1071428763 3192674566 1053915015
1073741824 24 1 7117 11 3213736711 1050115135 1068525162 17 0 0 0 0 0
1073741824 10 1 2707 12 1071043860 3214743108 1073601529 51 0 0 1071043860 3214743108 1073601529
1062241507 56 0 6250 9 1066882982 3215140653 3207107083 17 0 0 1066882982 3215140653 3207107083
3207686159 19 0 6249 13 3205860506 3209669195 1067735074 19 6250 0 3205860506 3209669195 1067735074
1073741824 26 2 618 5 3191855193 3179530839 3220688106 26 619 0 3191855193 3179530839 3220688106
1073741824 31 1 6250 12 3217620972 3216099581 1070566724 51 0 0 3217620972 3216099581 1070566724
2143289344 0 1 5962 5 3217784371 1045600631 1068524841 0 5963 5 3217784371 1045600631 1068524841
2139095040 55 1 4702 5 3205520241 3218995770 3211297015 55 4703 6 0 0 0
1058732453 18 0 4294967295 15 1036638413 1061841375 3206816154 18 0 0 1036638413 1061841375 3206816154
1073741824 29 1 1866 4294967295 3190804145 3208403292 3216924377 29 1867 0 0 0 0
1075017950 17 1 233 1 3197885915 3201417000 3207674982 17 234 2 0 0 0
1065353216 17 1 6320 12 3193241302 3214050119 1072278070 17 0 0 3193241302 3214050119 1072278070
1073741824 3 1 2228 11 3196346554 3216976798 1066125449 3 2229 12 0 0 0
1073741824 70 1 7152 12 1060623280 3214068152 1068159256 51 0 0 1060623280 3214068152 1068159256
1074482015 21 0 6250 12 3179616164 1073106184 3214385968 17 0 0 3179616164 1073106184 3214385968
1047614475 74 0 6249 9 1056210706 1062305525 1045732938 74 6250 0 1056210706 1062305525 1045732938
1073741824 51 2 576 5 3195768595 1060046473 1072024892 51 577 0 3195768595 1060046473 1072024892
1073741824 55 1 6250 12 1069599737 1047253837 3198568789 51 0 0 1069599737 1047253837 3198568789
2143289344 4 1 6070 5 3197400978 3212297796 1058814436 4 6071 5 3197400978 3212297796 1058814436
2139095040 9 1 5729 5 1073595965 3210179616 3192535555 9 5730 6 0 0 0
3209098682 33 0 4294967295 7 3189809880 1073705885 1072646938 33 0 0 3189809880 1073705885 1072646938
1073741824 20 1 115 4294967295 3220546219 3215089409 1058882863 20 116 0 0 0 0
1070901034 57 1 5592 6 1071093346 3217637715 1056890993 57 5593 7 0 0 0
1065353216 18 1 2919 3 3213183589 1066865871 3218779402 18 2920 3 3213183589 1066865871 3218779402
1073741824 21 1 7909 11 1045061394 3192022705 1049796964 17 0 0 0 0 0
1073741824 22 1 2050 12 3206364049 3201352763 3219890057 51 0 0 3206364049 3201352763 3219890057
1074172511 8 0 6250 19 1066590819 3172913830 1071290327 17 0 0 1066590819 3172913830 1071290327
1057642781 64 0 6249 17 1070721476 1054992142 3212921882 64 6250 0 1070721476 1054992142 3212921882
1073741824 17 2 389 5 3202328744 3194859001 1056007013 17 390 0 3202328744 3194859001 1056007013
1073741824 15 1 6250 12 1032592747 3217503830 3204892331 51 0 0 1032592747 3217503830 3204892331
2143289344 26 1 5878 5 3218737657 1069937414 3204704469 26 5879 5 3218737657 1069937414 3204704469
2139095040 18 1 6229 5 1071340696 3216564948 3215474987 18 6230 6 0 0 0
3208691299 6 0 4294967295 16 3220885517 1066802423 3193976906 6 0 0 3220885517 1066802423 3193976906
1073741824 61 1 5079 4294967295 3193786547 3194525969 1059366877 61 5080 0 0 0 0
3218860820 77 0 4298 19 1040874968 3198416905 3204181342 77 4299 0 1040874968 3198416905 3204181342
1065353216 66 1 7990 4 1057346623 3203104701 3205266924 17 0 0 1057346623 3203104701 3205266924
1073741824 54 1 713 11 1065561432 1036874685 1073387536 54 714 12 0 0 0
1073741824 58 1 1794 12 1067485422 3221065400 1065659660 51 0 0 1067485422 3221065400 1065659660
1071785694 27 0 6250 4 3207746824 3220640934 3210914067 17 0 0 3207746824 3220640934 3210914067
1072621434 77 0 6249 7 3204614702 3219981958 3205830908 77 6250 0 3204614702 3219981958 3205830908
1073741824 52 2 3443 5 1066472235 1061815637 1048826044 52 3444 0 1066472235 1061815637 1048826044
1073741824 12 1 6250 12 3189978239 1044803005 3219935563 51 0 0 3189978239 1044803005 3219935563
2143289344 70 1 1940 5 3205787432 3212980651 1066356416 70 1941 5 3205787432 3212980651 1066356416
2139095040 60 1 6841 5 3206704394 3217035728 3216942202 17 0 0 0 0 0
1036823247 34 0 4294967295 4 3212852454 1053513502 1063201964 34 0 0 3212852454 1053513502 1063201964
1073741824 35 1 2104 4294967295 1059841747 1057075788 3216238251 35 2105 0 0 0 0
3200540130 44 1 5074 3 3218048018 1030890995 3220962698 44 5075 3 3218048018 1030890995 3220962698
1065353216 47 1 2173 14 3181719698 3188052327 1059324803 47 2174 14 3181719698 3188052327 1059324803
1073741824 64 1 7643 11 1067727076 1071184026 1063837403 17 0 0 0 0 0
1073741824 10 1 3300 12 1032319955 1073730680 1058866363 51 0 0 1032319955 1073730680 1058866363
1053862364 68 0 6250 18 1049493646 3210925600 3200573999 17 0 0 1049493646 3210925600 3200573999
1063836722 73 0 6249 10 1073631879 3199295324 3201638192 73 6250 0 1073631879 3199295324 3201638192
1073741824 38 2 2404 5 1064511247 3215128268 1045282320 38 2405 0 1064511247 3215128268 1045282320
1073741824 39 1 6250 12 3211128242 1069857941 3213426198 51 0 0 3211128242 1069857941 3213426198
2143289344 12 1 7622 5 1071727885 1065806948 1068244368 17 0 0 1071727885 1065806948 1068244368
2139095040 13 1 4799 5 3204726026 3221171565 1071612115 13 4800 6 0 0 0
3219827092 50 0 4294967295 16 1044009227 3200967966 3207871751 50 0 0 1044009227 3200967966 3207871751
1073741824 16 1 5833 4294967295 1061715624 1047663147 3213695441 16 5834 0 0 0 0
1074074085 20 1 2905 7 1066483041 1067755776 1063522164 20 2906 8 0 0 0
1065353216 16 1 7648 2 1048544695 1066597207 1042314001 17 0 0 1048544695 1066597207 1042314001
1073741824 65 1 5288 11 3205815464 1057793439 3206222199 65 5289 12 0 0 0
1073741824 14 1 477 12 1066714239 1058875512 3210998845 51 0 0 1066714239 1058875512 3210998845
3220336568 5 0 6250 9 1069759615 3216851982 1060821730 17 0 0 1069759615 3216851982 1060821730
1040033328 62 0 6249 13 3197731523 3220338589 1018260376 62 6250 0 3197731523 3220338589 1018260376
1073741824 52 2 259 5 3209887971 1069311548 1068822058 52 260 0 3209887971 1069311548 1068822058
1073741824 29 1 6250 12 1068470086 3216745368 1059223871 51 0 0 1068470086 3216745368 1059223871
2143289344 57 1 1352 5 3220266869 3196080541 1067355647 57 1353 5 3220266869 3196080541 1067355647
2139095040 73 1 4875 5 3213420088 1052845231 1068248877 73 4876 6 0 0 0
1073059762 61 0 4294967295 7 3216510962 1066054064 1062264036 61 0 0 3216510962 1066054064 1062264036
1073741824 53 1 1578 4294967295 1066815986 1065377473 3218302384 53 1579 0 0 0 0
3220192681 29 1 3945 14 3220821324 1067659839 1071860135 29 3946 14 3220821324 1067659839 1071860135
1065353216 7 1 1208 11 1060003939 1072062939 3196441823 7 1209 11 1060003939 1072062939 3196441823
1073741824 33 1 4696 11 1069632223 3216890419 1058674523 33 4697 12 0 0 0
1073741824 78 1 7003 12 3219360355 3213947762 3212364750 51 0 0 3219360355 3213947762 3212364750
3217930640 51 0 6250 20 1062497026 1047143364 3219231708 17 0 0 1062497026 1047143364 3219231708
1074064855 47 0 6249 4 3201120676 1067850472 1065384515 47 6250 0 3201120676 1067850472 1065384515
1073741824 23 2 1634 5 1056336381 1071312391 3219301467 23 1635 0 1056336381 1071312391 3219301467
1073741824 46 1 6250 12 3194218088 3216389114 3208404244 51 0 0 3194218088 3216389114 3208404244
2143289344 20 1 7231 5 1073078708 3203736271 3198373879 17 0 0 1073078708 3203736271 3198373879
2139095040 17 1 1332 5 1073333624 3201672488 1071241367 17 1333 6 0 0 0
3218005020 14 0 4294967295 3 1051865853 1062457795 1066426380 14 0 0 1051865853 1062457795 1066426380
1073741824 8 1 6447 4294967295 1071525712 3212998733 1055643494 17 0 0 0 0 0
1047484239 12 1 2579 5 1069470770 1069273625 1070713361 12 2580 5 1069470770 1069273625 1070713361
1065353216 29 1 757 14 1039215401 3210936587 1027647403 29 758 14 1039215401 3210936587 1027647403
1073741824 39 1 3563 11 1058137565 3214220884 3212829649 39 3564 12 0 0 0
1073741824 24 1 6753 12 1069022337 3219249590 3207197799 51 0 0 1069022337 3219249590 3207197799
1075739075 24 0 6250 8 3220412117 1073456627 3219460818 17 0 0 3220412117 1073456627 3219460818
1076342345 53 0 6249 19 3193172466 3214675201 1054106518 53 6250 0 3193172466 3214675201 1054106518
1073741824 7 2 6922 5 3200971484 1043168845 1070284330 17 0 0 3200971484 1043168845 1070284330
1073741824 79 1 6250 12 1063449374 1070135097 1063337697 51 0 0 1063449374 1070135097 1063337697
2143289344 66 1 2535 5 1073401181 1070809504 3213871833 66 2536 5 1073401181 1070809504 3213871833
2139095040 37 1 6378 5 1058168635 1060479614 1034605484 17 0 0 0 0 0
1068292141 50 0 4294967295 6 1069677026 3199019451 1050151989 50 0 0 1069677026 3199019451 1050151989
1073741824 58 1 2280 4294967295 1072412396 3194199201 3216120164 58 2281 0 0 0 0
1074560610 53 0 7984 11 1061998949 1031244906 1057571173 17 0 0 1061998949 1031244906 1057571173
1065353216 76 1 291 9 1058732886 3219181028 3220868600 76 292 9 1058732886 3219181028 3220868600
1073741824 79 1 4936 11 1053605248 3209805422 1066244937 79 4937 12 0 0 0
1073741824 21 1 898 12 1072762666 3213935942 3207525447 51 0 0 1072762666 3213935942 3207525447
3164326814 52 0 6250 9 1073099160 1064976325 3196984763 17 0 0 1073099160 1064976325 3196984763
1068229777 52 0 6249 1 3213312507 3204507190 1060232750 52 6250 0 3213312507 3204507190 1060232750
1073741824 69 2 6944 5 1005158544 3198939117 1069701061 17 0 0 1005158544 3198939117 1069701061
1073741824 60 1 6250 12 1058302737 1071838404 3156134335 51 0 0 1058302737 1071838404 3156134335
2143289344 79 1 781 5 1042037367 3171454016 1072258471 79 782 5 1042037367 3171454016 1072258471
2139095040 30 1 2819 5 3208059295 1070524235 3207012968 30 2820 6 0 0 0
3184177746 34 0 4294967295 0 3218916060 3209381768 1043486969 34 0 0 3218916060 3209381768 1043486969
1073741824 9 1 6437 4294967295 1063983062 1056189970 3208543101 17 0 0 0 0 0
3216530199 73 1 5290 11 3213096347 3208189283 3214246371 73 5291 11 3213096347 3208189283 3214246371
1065353216 38 1 2919 1 1031931699 3220569252 1068100950 38 2920 1 1031931699 3220569252 1068100950
1073741824 38 1 5373 11 3215556132 3211880356 1050812155 38 5374 12 0 0 0
1073741824 2 1 6263 12 1065736880 1064273347 1040842023 51 0 0 1065736880 1064273347 1040842023
1077128759 18 0 6250 16 3207578234 1053579417 3189308594 17 0 0 3207578234 1053579417 3189308594
1055187455 16 0 6249 15 3214326842 1073712431 3216219534 16 6250 0 3214326842 1073712431 3216219534
1073741824 33 2 4917 5 1069922569 3198602144 3215500256 33 4918 0 1069922569 3198602144 3215500256
1073741824 44 1 6250 12 3200590199 3208379060 3204611250 51 0 0 3200590199 3208379060 3204611250
2143289344 50 1 2026 5 1068618181 3220573135 3221004113 50 2027 5 1068618181 3220573135 3221004113
2139095040 54 1 3483 5 1067162247 3203196268 1059228170 54 3484 6 0 0 0
1076490162 78 0 4294967295 14 1042463529 1071568988 1064095513 78 0 0 1042463529 1071568988 1064095513
1073741824 72 1 6428 4294967295 3177155310 1036352689 3208185519 17 0 0 0 0 0
1062874038 41 1 683 0 1036734064 3218023037 1067180906 41 684 0 1036734064 3218023037 1067180906
1065353216 77 1 3085 1 3218005034 1068844566 3218033052 77 3086 1 3218005034 1068844566 3218033052
1073741824 79 1 1071 11 3214186916 3204304831 3221169228 79 1072 12 0 0 0
1073741824 35 1 398 12 3209429233 1072749911 3185492041 51 0 0 3209429233 1072749911 3185492041
1076054850 34 0 6250 0 3214824400 1070365107 3219926066 17 0 0 3214824400 1070365107 3219926066
1069960836 36 0 6249 3 1055753805 1069766696 3216859899 36 6250 0 1055753805 1069766696 3216859899
1073741824 71 2 2320 5 3210966776 3216142227 3197078629 71 2321 0 3210966776 3216142227 3197078629
1073741824 46 1 6250 12 3220030495 1070150196 1050984556 51 0 0 3220030495 1070150196 1050984556
2143289344 15 1 3788 5 1059756042 3216131847 3215396728 15 3789 5 1059756042 3216131847 3215396728
2139095040 66 1 1063 5 3213724124 3195216786 1066064872 66 1064 6 0 0 0
3217927408 41 0 4294967295 10 3208882173 1072231401 3214251122 41 0 0 3208882173 1072231401 3214251122
1073741824 6 1 5293 4294967295 3215676850 3213617109 1070284055 6 5294 0 0 0 0
1073972887 0 1 5494 15 1053577183 1049757672 3205693684 51 0 0 1053577183 1049757672 3205693684
1065353216 72 1 3178 5 3214813802 1049748815 3214357999 72 3179 5 3214813802 1049748815 3214357999
1073741824 33 1 1838 11 1071316809 1071324254 3211136823 33 1839 12 0 0 0
1073741824 18 1 55 12 3215380381 3220494260 3213658090 51 0 0 3215380381 3220494260 3213658090
1069816032 65 0 6250 2 3217300000 1070753113 1070320746 17 0 0 3217300000 1070753113 1070320746
1057315331 54 0 6249 10 1069485472 3215180924 1066776962 54 6250 0 1069485472 3215180924 1066776962
1073741824 37 2 4514 5 3218529470 1072331859 3200578439 37 4515 0 3218529470 1072331859 3200578439
1073741824 54 1 6250 12 3202918999 3221205830 1057928628 51 0 0 3202918999 3221205830 1057928628
2143289344 56 1 7643 5 1040961418 1071009234 3215474326 17 0 0 1040961418 1071009234 3215474326
2139095040 77 1 7834 5 3203764489 1069106462 1058405740 17 0 0 0 0 0
1075940202 40 0 4294967295 6 1071210880 3215353053 1071918222 40 0 0 1071210880 3215353053 1071918222
1073741824 61 1 2557 4294967295 1053487388 3219459126 3195403380 61 2558 0 0 0 0
1066592082 17 0 175 10 1069698177 1066008725 1066854123 17 176 0 1069698177 1066008725 1066854123
1065353216 11 1 298 13 1070048850 3204569777 1033317646 11 299 13 1070048850 3204569777 1033317646
1073741824 7 1 5143 11 1068616895 1034424111 1057789410 7 5144 12 0 0 0
1073741824 15 1 6072 12 3213251020 3220691038 3213461525 51 0 0 3213251020 3220691038 3213461525
1076165400 10 0 6250 14 1056995349 3214372928 1066276119 17 0 0 1056995349 3214372928 1066276119
1073283459 2 0 6249 19 1063514143 1037925412 3192339196 2 6250 0 1063514143 1037925412 3192339196
1073741824 4 2 1401 5 3214305186 3214508847 1057535308 4 1402 0 3214305186 3214508847 1057535308
1073741824 44 1 6250 12 1071870897 1067241501 1062067349 51 0 0 1071870897 1067241501 1062067349
2143289344 37 1 7916 5 1054496197 3204897447 3205722533 17 0 0 1054496197 3204897447 3205722533
2139095040 31 1 1228 5 1066322025 1054788490 3189647307 31 1229 6 0 0 0
1071227189 73 0 4294967295 6 1060487252 3201650561 1069405140 73 0 0 1060487252 3201650561 1069405140
1073741824 25 1 7977 4294967295 3218521902 3176494147 3199429551 17 0 0 0 0 0
1067057587 71 0 2715 7 3206991801 1058233121 3188776161 71 2716 0 3206991801 1058233121 3188776161
1065353216 69 1 7584 8 1069472275 3195617603 1057236507 17 0 0 1069472275 3195617603 1057236507
1073741824 9 1 3252 11 3220129441 3213522342 3218657245 9 3253 12 0 0 0
1073741824 76 1 6220 12 3202862590 3213226777 1064296334 51 0 0 3202862590 3213226777 1064296334
3218203332 43 0 6250 8 3193880591 1069545549 1072271167 17 0 0 3193880591 1069545549 1072271167
3220834856 30 0 6249 3 3214773536 3197503027 3217015121 30 6250 0 3214773536 3197503027 3217015121
1073741824 27 2 2567 5 3189531729 3220683354 1050917058 27 2568 0 3189531729 3220683354 1050917058
1073741824 78 1 6250 12 3216649614 1050654236 1072670147 51 0 0 3216649614 1050654236 1072670147
2143289344 78 1 798 5 3198670237 3207815258 3209596274 78 799 5 3198670237 3207815258 3209596274
2139095040 72 1 6567 5 1067660438 1050976358 1072302167 17 0 0 0 0 0
3215440353 77 0 4294967295 9 1072420401 3172898417 1062048865 77 0 0 1072420401 3172898417 1062048865
1073741824 43 1 985 4294967295 1063965765 1063633211 1066595293 43 986 0 0 0 0
1027713944 13 0 1650 4 3209926882 3200101835 1064856325 13 1651 0 3209926882 3200101835 1064856325
1065353216 64 1 377 20 3176356150 1057993781 3210018921 64 378 20 3176356150 1057993781 3210018921
1073741824 30 1 4552 11 3208828562 3217639154 1072760937 30 4553 12 0 0 0
1073741824 41 1 1612 12 1067207307 1059205119 3207410012 51 0 0 1067207307 1059205119 3207410012
1067043215 13 0 6250 14 3211683394 1055247521 1069224640 17 0 0 3211683394 1055247521 1069224640
1076395707 59 0 6249 19 1061260133 3172153212 1061405000 59 6250 0 1061260133 3172153212 1061405000
1073741824 24 2 5656 5 1053920595 3220656194 3193679058 24 5657 0 1053920595 3220656194 3193679058
1073741824 0 1 6250 12 1067390282 3219799450 3216643570 51 0 0 1067390282 3219799450 3216643570
2143289344 77 1 4090 5 1063010362 3192755412 1063667530 77 4091 5 1063010362 3192755412 1063667530
2139095040 55 1 1462 5 1051953819 1064911004 1072932425 55 1463 6 0 0 0
3206186222 1 0 4294967295 3 1058697510 3216997300 1060481764 1 0 0 1058697510 3216997300 1060481764
1073741824 1 1 7005 4294967295 3208328685 3215278457 1060541817 17 0 0 0 0 0
3213943886 64 1 887 12 1053020712 1058380983 3211347143 64 888 12 1053020712 1058380983 3211347143
1065353216 61 1 120 12 3209115520 1032865507 3220137059 61 121 12 3209115520 1032865507 3220137059
1073741824 27 1 4093 11 1065836994 1066361713 3186721451 27 4094 12 0 0 0
1073741824 18 1 5024 12 1058437373 1067679063 1073159338 51 0 0 1058437373 1067679063 1073159338
3214704966 58 0 6250 7 1065084210 1073448723 3216910584 17 0 0 1065084210 1073448723 3216910584
1076852483 9 0 6249 19 3206795734 3212947566 1044972945 9 6250 0 3206795734 3212947566 1044972945
1073741824 37 2 7965 5 3206244569 3218602083 1069858937 17 0 0 3206244569 3218602083 1069858937
1073741824 74 1 6250 12 1055300410 3208861206 3214749559 51 0 0 1055300410 3208861206 3214749559
2143289344 55 1 557 5 1059365269 1073097244 1064158654 55 558 5 1059365269 1073097244 1064158654
2139095040 1 1 2490 5 1066915775 1045771903 1064694519 1 2491 6 0 0 0
3220652315 61 0 4294967295 2 3217067614 3213231477 1072244006 61 0 0 3217067614 3213231477 1072244006
1073741824 20 1 6340 4294967295 1072343813 1065092064 1051154394 17 0 0 0 0 0
3220334323 17 1 7873 9 3217933837 1054762965 1067811346 17 0 0 3217933837 1054762965 1067811346
1065353216 37 1 3839 0 1065406456 3217121732 3210083900 37 3840 0 1065406456 3217121732 3210083900
1073741824 64 1 234 11 3220710236 1064166737 1059942152 64 235 12 0 0 0
1073741824 25 1 6012 12 3195949385 3220828721 3208828994 51 0 0 3195949385 3220828721 3208828994
1074581748 7 0 6250 11 3220090653 3213646727 3196314701 17 0 0 3220090653 3213646727 3196314701
3170391696 67 0 6249 10 3219453550 1069965148 1049292004 67 6250 0 3219453550 1069965148 1049292004
1073741824 33 2 927 5 1053940276 3199010191 3213351256 33 928 0 1053940276 3199010191 3213351256
1073741824 43 1 6250 12 3215427994 3212873808 1073371777 51 0 0 3215427994 3212873808 1073371777
2143289344 46 1 2932 5 3219465322 1068565021 1067168695 46 2933 5 3219465322 1068565021 1067168695
2139095040 53 1 261 5 1028471293 3219034080 1039921104 53 262 6 0 0 0
1070482156 9 0 4294967295 7 3198186963 3217924022 3212078937 9 0 0 3198186963 3217924022 3212078937
1073741824 49 1 7885 4294967295 3220561352 1072026147 3221054959 17 0 0 0 0 0
1052551991 63 1 6699 20 1060916939 3215684179 3218205123 17 0 0 1060916939 3215684179 3218205123
1065353216 4 1 6402 13 1060485089 1066010292 1068459969 17 0 0 1060485089 1066010292 1068459969
1073741824 24 1 6637 11 3188731802 1058123820 3219361992 17 0 0 0 0 0
1073741824 13 1 2474 12 3188497025 3189284327 3198569710 51 0 0 3188497025 3189284327 3198569710
1031649427 70 0 6250 8 3188401066 1069321933 1072622300 17 0 0 3188401066 1069321933 1072622300
3204653214 67 0 6249 9 1048913162 3208434490 1059932865 67 6250 0 1048913162 3208434490 1059932865
1073741824 40 2 6334 5 3220287379 3217630533 1070390799 17 0 0 3220287379 3217630533 1070390799
1073741824 52 1 6250 12 3220225438 1049566033 3179079207 51 0 0 3220225438 1049566033 3179079207
2143289344 58 1 6872 5 1073533225 3216169719 3217413634 17 0 0 1073533225 3216169719 3217413634
2139095040 23 1 7257 5 1057086881 1070796229 1049774441 17 0 0 0 0 0
3202938419 4 0 4294967295 15 3214151113 3214938681 1069859504 4 0 0 3214151113 3214938681 1069859504
1073741824 13 1 3968 4294967295 3214957295 3209680319 3207954303 13 3969 0 0 0 0
3214442918 12 0 3877 20 3215976398 1059267909 3204033832 12 3878 0 3215976398 1059267909 3204033832
1065353216 63 1 2167 12 3211854046 3208388047 1067654906 63 2168 12 3211854046 3208388047 1067654906
1073741824 40 1 359 11 3205180450 1053801508 3216171519 40 360 12 0 0 0
1073741824 45 1 1449 12 1045647627 3200862690 1072023855 51 0 0 1045647627 3200862690 1072023855
1073053223 61 0 6250 13 1067231484 1045775421 1066113975 17 0 0 1067231484 1045775421 1066113975
1070794501 23 0 6249 15 3210392046 3214304584 1055547044 23 6250 0 3210392046 3214304584 1055547044
1073741824 21 2 3844 5 1061193599 3208537974 1066770303 21 3845 0 1061193599 3208537974 1066770303
1073741824 20 1 6250 12 1070200922 1067179068 1068350013 51 0 0 1070200922 1067179068 1068350013
2143289344 3 1 5892 5 1021360024 3218238503 1061227210 3 5893 5 1021360024 3218238503 1061227210
2139095040 15 1 1615 5 3194994085 1061805560 3216277472 15 1616 6 0 0 0
1075903574 41 0 4294967295 3 1071457378 3202606521 1071148113 41 0 0 1071457378 3202606521 1071148113
1073741824 74 1 4769 4294967295 3215473450 3202561548 1069081338 74 4770 0 0 0 0
1071576789 24 1 4797 19 3214609226 3205284739 3210511752 51 0 0 3214609226 3205284739 3210511752
1065353216 9 1 2062 20 3210002687 1068086129 1068598181 9 2063 20 3210002687 1068086129 1068598181
1073741824 34 1 6382 11 3211829624 1066694753 3209512721 17 0 0 0 0 0
1073741824 49 1 3428 12 1072595931 1050004494 3215544155 51 0 0 1072595931 1050004494 3215544155
3207826689 43 0 6250 5 3215820514 3213440810 3210319048 17 0 0 3215820514 3213440810 3210319048
1068167947 36 0 6249 2 3216493834 3210802546 1072235268 36 6250 0 3216493834 3210802546 1072235268
1073741824 3 2 6476 5 1073391358 3205699997 3172950261 17 0 0 1073391358 3205699997 3172950261
1073741824 47 1 6250 12 3216922177 3219149912 1053988436 51 0 0 3216922177 3219149912 1053988436
2143289344 19 1 4836 5 1071456824 3212769523 3214873794 19 4837 5 1071456824 3212769523 3214873794
2139095040 20 1 7308 5 1072697931 3216283334 3204749594 17 0 0 0 0 0
1051795270 73 0 4294967295 1 3198742777 3210728203 1071164777 73 0 0 3198742777 3210728203 1071164777
1073741824 36 1 1588 4294967295 1051159248 3216688848 3215692218 36 1589 0 0 0 0
3205524334 52 0 4798 5 3215767169 3187459366 1065950525 52 4799 0 3215767169 3187459366 1065950525
1065353216 58 1 6529 7 3204472643 1070395475 3214799672 17 0 0 3204472643 1070395475 3214799672
1073741824 13 1 4519 11 1056098016 1051657694 3218107054 13 4520 12 0 0 0
1073741824 39 1 132 12 1066655503 3217106602 1071538191 51 0 0 1066655503 3217106602 1071538191
1076074952 18 0 6250 4 1072237166 3220780533 3197604497 17 0 0 1072237166 3220780533 3197604497
1069202152 73 0 6249 11 3201532490 3218830549 3214700500 73 6250 0 3201532490 3218830549 3214700500
1073741824 24 2 5764 5 1072297842 3216266269 3160006767 24 5765 0 1072297842 3216266269 3160006767
1073741824 71 1 6250 12 1064192094 1066263128 1070042943 51 0 0 1064192094 1066263128 1070042943
2143289344 4 1 2231 5 3219909319 3209593932 3216167540 4 2232 5 3219909319 3209593932 3216167540
2139095040 76 1 7098 5 1035328986 1043968155 3208722087 17 0 0 0 0 0
3189562454 24 0 4294967295 9 1065417086 3213036723 3217000278 24 0 0 1065417086 3213036723 3217000278
1073741824 38 1 3948 4294967295 1068711639 1049355545 3218873727 38 3949 0 0 0 0
1077211573 36 0 6747 19 3212409207 1068393289 1059933687 17 0 0 3212409207 1068393289 1059933687
1065353216 2 1 1248 1 1068385317 3194607486 1072362078 2 1249 1 1068385317 3194607486 1072362078
1073741824 70 1 4671 11 1070983226 1066211210 3217981919 70 4672 12 0 0 0
1073741824 1 1 4390 12 3203203489 3220486006 1067190784 51 0 0 3203203489 3220486006 1067190784
1066421758 45 0 6250 3 1073510357 1066623830 1047147372 17 0 0 1073510357 1066623830 1047147372
1046354037 71 0 6249 0 3215439905 3200626771 3191661777 71 6250 0 3215439905 3200626771 3191661777
1073741824 63 2 6474 5 3213223184 3217317445 3214369821 17 0 0 3213223184 3217317445 3214369821
1073741824 25 1 6250 12 1069904771 1071389199 1071664479 51 0 0 1069904771 1071389199 1071664479
2143289344 36 1 3131 5 3217197073 1063647972 1057017874 36 3132 5 3217197073 1063647972 1057017874
2139095040 62 1 5997 5 3216846801 3210376592 3172017000 62 5998 6 0 0 0
3190765611 72 0 4294967295 16 1071175070 3139631341 1054160844 72 0 0 1071175070 3139631341 1054160844
1073741824 35 1 336 4294967295 1068368638 3215229915 1073059390 35 337 0 0 0 0
3195728709 19 1 4063 9 3215492151 3217151788 1065767185 19 4064 9 3215492151 3217151788 1065767185
1065353216 11 1 6424 18 1068898050 1058551197 1071547618 17 0 0 1068898050 1058551197 1071547618
1073741824 78 1 1192 11 1059500388 3215209875 1061321227 78 1193 12 0 0 0
1073741824 23 1 3107 12 3219693968 3200909871 3210808363 51 0 0 3219693968 3200909871 3210808363
3215786500 5 0 6250 11 1068388984 1067280963 3216607317 17 0 0 1068388984 1067280963 3216607317
1075292453 32 0 6249 19 1063553703 3211915067 1060782015 32 6250 0 1063553703 3211915067 1060782015
1073741824 13 2 7871 5 3216043023 3213837559 1070326481 17 0 0 3216043023 3213837559 1070326481
1073741824 26 1 6250 12 1060596316 3213762404 1070702472 51 0 0 1060596316 3213762404 1070702472
2143289344 79 1 3979 5 3218412729 1072058385 3212915280 79 3980 5 3218412729 1072058385 3212915280
2139095040 75 1 3212 5 1069415737 3205702416 1055414552 75 3213 6 0 0 0
3215142599 61 0 4294967295 12 1062137419 3220856191 1066685440 61 0 0 1062137419 3220856191 1066685440
1073741824 22 1 6107 4294967295 3205700411 3205814415 3202115492 22 6108 0 0 0 0
1068252880 36 1 745 4 3202019628 1042798522 3214172948 36 746 5 0 0 0
1065353216 72 1 6681 6 1066614880 3207573205 1070897561 17 0 0 1066614880 3207573205 1070897561
1073741824 15 1 4553 11 3186086320 1070420786 1073179224 15 4554 12 0 0 0
1073741824 15 1 6176 12 3219937020 3220065372 1070485937 51 0 0 3219937020 3220065372 1070485937
3207878575 48 0 6250 20 1054404884 3216470518 3188553359 17 0 0 1054404884 3216470518 3188553359
3221026656 23 0 6249 4 3217019606 3199082299 3213949780 23 6250 0 3217019606 3199082299 3213949780
1073741824 0 2 5790 5 1053196400 3187910915 1066106731 0 5791 0 1053196400 3187910915 1066106731
1073741824 57 1 6250 12 1072205162 3217723529 1061022852 51 0 0 1072205162 3217723529 1061022852
2143289344 45 1 6926 5 3206784343 1067849805 3217267307 17 0 0 3206784343 1067849805 3217267307
2139095040 67 1 7656 5 3216540391 1063931473 1058379447 17 0 0 0 0 0
1075718455 71 0 4294967295 9 3204758800 1067262397 1061852977 71 0 0 3204758800 1067262397 1061852977
1073741824 33 1 62 4294967295 3219851293 1064345961 3219577305 33 63 0 0 0 0
1073343581 50 0 6367 16 3187679484 1068686183 1063968260 17 0 0 3187679484 1068686183 1063968260
1065353216 15 1 3689 10 3217620307 3203808029 1066171585 15 3690 10 3217620307 3203808029 1066171585
1073741824 35 1 1570 11 1071088972 3186136063 3216551879 35 1571 12 0 0 0
1073741824 24 1 115 12 1068802923 3192754950 1058394524 51 0 0 1068802923 3192754950 1058394524
3201873727 76 0 6250 19 3205525461 3198007655 3201842565 17 0 0 3205525461 3198007655 3201842565
1070134224 79 0 6249 18 1073606373 1070937999 1057467209 79 6250 0 1073606373 1070937999 1057467209
1073741824 6 2 1216 5 3197079339 3189212696 3220146543 6 1217 0 3197079339 3189212696 3220146543
1073741824 79 1 6250 12 3215997032 1070365011 3218887713 51 0 0 3215997032 1070365011 3218887713
2143289344 7 1 7579 5 1067953262 3199535251 3185897148 17 0 0 1067953262 3199535251 3185897148
2139095040 59 1 2718 5 3193735382 1065715643 1014337768 59 2719 6 0 0 0
3207967366 65 0 4294967295 9 1067717201 3203165916 1069982473 65 0 0 1067717201 3203165916 1069982473
1073741824 36 1 2460 4294967295 1044585350 3207896655 3216682862 36 2461 0 0 0 0
1066613480 6 0 990 2 3215916460 3211421025 1058411569 6 991 0 3215916460 3211421025 1058411569
1065353216 73 1 839 16 1063586521 1066085582 1049295536 73 840 16 1063586521 1066085582 1049295536
1073741824 49 1 6680 11 1067152155 1064191106 3200355550 17 0 0 0 0 0
1073741824 10 1 1183 12 3205122073 3215184150 3207929363 51 0 0 3205122073 3215184150 3207929363
3209375551 51 0 6250 1 3213589468 3212904313 1063164663 17 0 0 3213589468 3212904313 1063164663
1063100479 6 0 6249 9 1071018444 1044861982 1073694220 6 6250 0 1071018444 1044861982 1073694220
1073741824 37 2 1312 5 3219323611 3218702037 1067583693 37 1313 0 3219323611 3218702037 1067583693
1073741824 18 1 6250 12 1042655210 3221174050 3220272343 51 0 0 1042655210 3221174050 3220272343
2143289344 18 1 549 5 1054654392 1072100631 3187814527 18 550 5 1054654392 1072100631 3187814527
2139095040 24 1 7259 5 3209164362 3214203234 3209609409 17 0 0 0 0 0
1072736412 20 0 4294967295 4 3214105426 1064905185 1051888916 20 0 0 3214105426 1064905185 1051888916
1073741824 51 1 4819 4294967295 3216540230 3200177599 3217948572 51 4820 0 0 0 0
1069462022 9 0 7114 15 1069992763 1034242052 3206431755 17 0 0 1069992763 1034242052 3206431755
1065353216 2 1 3535 11 3219368881 1073157151 3217022206 2 3536 11 3219368881 1073157151 3217022206
1073741824 65 1 5891 11 3219942861 3219165858 1068534376 65 5892 12 0 0 0
1073741824 31 1 2650 12 1040316197 3215401012 1045309302 51 0 0 1040316197 3215401012 1045309302
1047478876 41 0 6250 7 3214031152 3204493193 3216258849 17 0 0 3214031152 3204493193 3216258849
1056687442 0 0 6249 1 3213771706 3219036917 3158476349 0 6250 0 3213771706 3219036917 3158476349
1073741824 58 2 4695 5 1072066989 3208466478 3192289904 58 4696 0 1072066989 3208466478 3192289904
1073741824 20 1 6250 12 3180428438 3209904548 1061078561 51 0 0 3180428438 3209904548 1061078561
2143289344 7 1 6800 5 3210576114 3208945069 1072587953 17 0 0 3210576114 3208945069 1072587953
2139095040 10 1 761 5 1056582683 1069525026 1057083627 10 762 6 0 0 0
3195161073 47 0 4294967295 10 3208936359 3216358914 3216528434 47 0 0 3208936359 3216358914 3216528434
1073741824 32 1 3701 4294967295 3216660456 3220701002 1071294449 32 3702 0 0 0 0
1070925786 25 1 532 11 3206058509 1063288735 3215570696 25 533 12 0 0 0
1065353216 61 1 3185 1 3200540591 3207805256 1063185724 61 3186 1 3200540591 3207805256 1063185724
1073741824 49 1 4799 11 1069669848 1066645653 3188354194 49 4800 12 0 0 0
1073741824 52 1 1229 12 1063513619 3219649936 3200837536 51 0 0 1063513619 3219649936 3200837536
3219181759 55 0 6250 17 3171361799 3218159175 1070400276 17 0 0 3171361799 3218159175 1070400276
1042903812 52 0 6249 7 1056778062 3204364407 1060172747 52 6250 0 1056778062 3204364407 1060172747
1073741824 45 2 7824 5 1072336043 3210602394 3191297222 17 0 0 1072336043 3210602394 3191297222
1073741824 41 1 6250 12 1066133925 1065379299 3215566647 51 0 0 1066133925 1065379299 3215566647
2143289344 6 1 4496 5 1070049773 3188783746 1043998556 6 4497 5 1070049773 3188783746 1043998556
2139095040 25 1 7471 5 3214453112 3191070535 1058405280 17 0 0 0 0 0
1065577635 43 0 4294967295 17 3218869325 1062147427 3180352285 43 0 0 3218869325 1062147427 3180352285
1073741824 10 1 6334 4294967295 3218966215 3207028359 1060919651 17 0 0 0 0 0
1075766711 42 0 4005 5 1053106701 1059154387 1062441707 42 4006 0 1053106701 1059154387 1062441707
1065353216 33 1 4756 10 3204651467 1070914956 1072252366 33 4757 10 3204651467 1070914956 1072252366
1073741824 51 1 648 11 1057080478 1054777336 1066877383 51 649 12 0 0 0
1073741824 53 1 7057 12 1049748204 3216596136 1061772453 51 0 0 1049748204 3216596136 1061772453
1060634468 33 0 6250 18 1073224625 3202176113 3205264698 17 0 0 1073224625 3202176113 3205264698
1033339249 7 0 6249 19 3213274364 3216919412 3218819576 7 6250 0 3213274364 3216919412 3218819576
1073741824 22 2 4832 5 1069323618 1066195052 3196699464 22 4833 0 1069323618 1066195052 3196699464
1073741824 72 1 6250 12 3209630430 1054575973 1072934044 51 0 0 3209630430 1054575973 1072934044
2143289344 74 1 2242 5 1057536181 1062199452 1066034925 74 2243 5 1057536181 1062199452 1066034925
2139095040 68 1 3483 5 1067286751 3197475571 3203551461 68 3484 6 0 0 0
1065019441 13 0 4294967295 4 1071576799 1065704832 1068491209 13 0 0 1071576799 1065704832 1068491209
1073741824 76 1 5230 4294967295 3210671949 1063513069 3216399436 76 5231 0 0 0 0
1072711135 33 1 355 13 3208799908 3158466820 3152891861 51 0 0 3208799908 3158466820 3152891861
1065353216 11 1 5773 14 1066279091 1056921478 3221149434 11 5774 14 1066279091 1056921478 3221149434
1073741824 28 1 6789 11 3214326731 3207270420 1039748222 17 0 0 0 0 0
1073741824 54 1 218 12 1049776157 3188584104 1068789892 51 0 0 1049776157 3188584104 1068789892
3215901762 45 0 6250 4 3210122999 1060198357 1058797871 17 0 0 3210122999 1060198357 1058797871
1075465548 77 0 6249 12 3204603235 3178563400 3192973410 77 6250 0 3204603235 3178563400 3192973410
1073741824 27 2 7878 5 3218613891 1068206708 1057073637 17 0 0 3218613891 1068206708 1057073637
1073741824 47 1 6250 12 1062231148 3216151164 3220317125 51 0 0 1062231148 3216151164 3220317125
2143289344 48 1 4156 5 1071188160 3207503287 1051722276 48 4157 5 1071188160 3207503287 1051722276
2139095040 13 1 6906 5 3214544001 3209746393 3190731291 17 0 0 0 0 0
1076420487 3 0 4294967295 2 1069279291 1065953743 1050018453 3 0 0 1069279291 1065953743 1050018453
1073741824 11 1 2812 4294967295 3208220361 3218923554 1071832595 11 2813 0 0 0 0
1075242309 25 1 6015 8 3173515171 3198436821 1067980860 25 6016 9 0 0 0
1065353216 69 1 5928 5 3217637118 1061996080 3215550234 69 5929 5 3217637118 1061996080 3215550234
1073741824 31 1 1400 11 1052434695 3204787225 3193525686 31 1401 12 0 0 0
1073741824 11 1 7447 12 3214634387 3193894857 1059560467 51 0 0 3214634387 3193894857 1059560467
3176543602 2 0 6250 5 1063603849 1062639085 3190500888 17 0 0 1063603849 1062639085 3190500888
3220029086 42 0 6249 12 3213853402 3215593768 1064402079 42 6250 0 3213853402 3215593768 1064402079
1073741824 20 2 1908 5 1059666127 3196145201 1064634172 20 1909 0 1059666127 3196145201 1064634172
1073741824 74 1 6250 12 3198358271 1040097527 1050007310 51 0 0 3198358271 1040097527 1050007310
2143289344 57 1 3949 5 3209093647 1070857341 3218961713 57 3950 5 3209093647 1070857341 3218961713
2139095040 5 1 2296 5 3220310977 3196436041 3198324215 5 2297 6 0 0 0
1076505760 52 0 4294967295 19 3215645387 1065541095 3215655039 52 0 0 3215645387 1065541095 3215655039
1073741824 30 1 6172 4294967295 1052905215 1061649329 1060307603 30 6173 0 0 0 0
1069670699 75 0 6573 15 3212229088 3219098243 3184203642 17 0 0 3212229088 3219098243 3184203642
1065353216 14 1 4068 0 1061288073 1069629386 3204263820 14 4069 0 1061288073 1069629386 3204263820
1073741824 28 1 7674 11 1058663045 1057621995 3219637863 17 0 0 0 0 0
1073741824 73 1 5870 12 1071942009 3197784044 1069685226 51 0 0 1071942009 3197784044 1069685226
1058676081 46 0 6250 4 3211243347 1045185473 3216279614 17 0 0 3211243347 1045185473 3216279614
1067458030 77 0 6249 12 3220836054 1068159525 1066987351 77 6250 0 3220836054 1068159525 1066987351
1073741824 4 2 1617 5 1071291039 3187838728 1057832503 4 1618 0 1071291039 3187838728 1057832503
1073741824 9 1 6250 12 3217600611 1050835486 3211420622 51 0 0 3217600611 1050835486 3211420622
2143289344 20 1 6996 5 1067251378 3221077849 1063335267 17 0 0 1067251378 3221077849 1063335267
2139095040 0 1 6867 5 1068547952 3219609094 1072326410 17 0 0 0 0 0
1077727546 75 0 4294967295 17 1070114538 3213551524 3220950364 75 0 0 1070114538 3213551524 3220950364
1073741824 51 1 4073 4294967295 3220493211 1072833018 1072530036 51 4074 0 0 0 0
3181358745 79 1 4173 0 1035550653 3220725733 3218940198 79 4174 0 1035550653 3220725733 3218940198
1065353216 37 1 6669 5 1062224682 3183578917 1067603797 17 0 0 1062224682 3183578917 1067603797
1073741824 38 1 7958 11 1070527382 1057778739 3219553176 17 0 0 0 0 0
1073741824 46 1 7146 12 1062898095 1066687004 3220702944 51 0 0 1062898095 1066687004 3220702944
1060093313 20 0 6250 0 1065133383 1061422872 3213820091 17 0 0 1065133383 1061422872 3213820091
1066434698 50 0 6249 4 1066186077 1050749507 1062046404 50 6250 0 1066186077 1050749507 1062046404
1073741824 22 2 2224 5 3216861929 1072716952 1070154704 22 2225 0 3216861929 1072716952 1070154704
1073741824 15 1 6250 12 3216374306 3207769960 1061879977 51 0 0 3216374306 3207769960 1061879977
2143289344 12 1 212 5 3189005770 1070388154 3216102810 12 213 5 3189005770 1070388154 3216102810
2139095040 37 1 3216 5 3207190024 3213533884 3209740931 37 3217 6 0 0 0
1069856804 33 0 4294967295 12 1002055427 1071635564 3219364660 33 0 0 1002055427 1071635564 3219364660
1073741824 17 1 789 4294967295 3219155887 3214083116 1073676326 17 790 0 0 0 0
1077421938 43 0 3350 16 3220291476 1067712147 1046268425 43 3351 0 3220291476 1067712147 1046268425
1065353216 73 1 1836 11 1065617380 3214045219 1066216395 73 1837 11 1065617380 3214045219 1066216395
1073741824 23 1 886 11 1066719261 1055315772 1073039626 23 887 12 0 0 0
1073741824 11 1 3543 12 1066958368 1071027033 1068107092 51 0 0 1066958368 1071027033 1068107092
1073065637 59 0 6250 3 3215661670 3220129654 3198001108 17 0 0 3215661670 3220129654 3198001108
3218751347 75 0 6249 2 3199090270 1066669505 3213813293 75 6250 0 3199090270 1066669505 3213813293
1073741824 20 2 5781 5 3207120414 3215334418 1063870473 20 5782 0 3207120414 3215334418 1063870473
1073741824 50 1 6250 12 3209930145 3212067635 1072795640 51 0 0 3209930145 3212067635 1072795640
2143289344 59 1 421 5 1065346290 3217806739 3212145874 59 422 5 1065346290 3217806739 3212145874
2139095040 19 1 2896 5 1071202400 1066342017 3216634971 19 2897 6 0 0 0
3216189931 26 0 4294967295 4 3213807298 3207089684 3200252063 26 0 0 3213807298 3207089684 3200252063
1073741824 20 1 1986 4294967295 1041915916 1069845084 1072002829 20 1987 0 0 0 0
1055021856 21 1 6335 2 3221152724 1050582755 1060074065 17 0 0 3221152724 1050582755 1060074065
1065353216 23 1 2240 0 3217966795 1065787418 3184697556 23 2241 0 3217966795 1065787418 3184697556
1073741824 67 1 773 11 1069510614 1069190945 3219238449 67 774 12 0 0 0
1073741824 25 1 1730 12 1046796952 3211786057 1072084491 51 0 0 1046796952 3211786057 1072084491
1074794456 61 0 6250 12 1068862124 3188749892 3220167127 17 0 0 1068862124 3188749892 3220167127
3194939218 14 0 6249 17 3206987868 1068839711 3202676842 14 6250 0 3206987868 1068839711 3202676842
1073741824 44 2 397 5 1068701552 1070128837 3221178033 44 398 0 1068701552 1070128837 3221178033
1073741824 62 1 6250 12 3213362229 1069774997 1070421840 51 0 0 3213362229 1069774997 1070421840
2143289344 76 1 5282 5 3198642473 1058060852 1071601657 76 5283 5 3198642473 1058060852 1071601657
2139095040 12 1 622 5 1073184087 1050127902 3213868245 12 623 6 0 0 0
1077726393 22 0 4294967295 7 3219496694 1062822199 1072077392 22 0 0 3219496694 1062822199 1072077392
1073741824 0 1 2439 4294967295 3206544077 3217825503 3217645238 0 2440 0 0 0 0
1077546790 10 1 5415 8 1058602131 3215422870 3215639849 10 5416 9 0 0 0
1065353216 29 1 3038 0 3205160723 1066101504 1072930748 29 3039 0 3205160723 1066101504 1072930748
1073741824 58 1 705 11 1039036932 3217536414 3213120167 58 706 12 0 0 0
1073741824 34 1 7293 12 1055147982 1068881739 1037934680 51 0 0 1055147982 1068881739 1037934680
1067514218 36 0 6250 2 1072196894 1067607420 3219320926 17 0 0 1072196894 1067607420 3219320926
3206121101 41 0 6249 6 1065482090 3199028035 1024699974 41 6250 0 1065482090 3199028035 1024699974
1073741824 59 2 300 5 3215373330 3216528505 3205845391 59 301 0 3215373330 3216528505 3205845391
1073741824 76 1 6250 12 1070083347 3214760589 1067044125 51 0 0 1070083347 3214760589 1067044125
2143289344 16 1 5772 5 3197895907 3198200584 3220979895 16 5773 5 3197895907 3198200584 3220979895
2139095040 73 1 2372 5 1043750714 1066815317 1069536977 73 2373 6 0 0 0
1074848191 74 0 4294967295 6 3214654238 1055451717 3219011320 74 0 0 3214654238 1055451717 3219011320
1073741824 40 1 6728 4294967295 1057206661 1065425308 1035126627 17 0 0 0 0 0
1073532155 11 1 7780 17 1070134072 1070508631 1070882805 51 0 0 1070134072 1070508631 1070882805
1065353216 15 1 7185 5 1064456551 1069866541 1063297803 17 0 0 1064456551 1069866541 1063297803
1073741824 53 1 2601 11 1070758000 1059908681 3206799112 53 2602 12 0 0 0
1073741824 3 1 3650 12 1070820318 3210862452 1057285413 51 0 0 1070820318 3210862452 1057285413
3199891590 36 0 6250 17 1069865171 1060745337 1045113506 17 0 0 1069865171 1060745337 1045113506
3210374594 16 0 6249 16 1073632067 3218434694 3188688483 16 6250 0 1073632067 3218434694 3188688483
1073741824 11 2 893 5 1063142892 1067966183 3208599503 11 894 0 1063142892 1067966183 3208599503
1073741824 41 1 6250 12 1061115404 1072593658 3214268857 51 0 0 1061115404 1072593658 3214268857
2143289344 24 1 2559 5 3214330499 3219927822 1066368000 24 2560 5 3214330499 3219927822 1066368000
2139095040 32 1 4731 5 1069096952 3201618196 1072501547 32 4732 6 0 0 0
1024594845 69 0 4294967295 0 3206579726 1059118840 1062144883 69 0 0 3206579726 1059118840 1062144883
1073741824 57 1 5649 4294967295 1061097313 3213017169 1069022943 57 5650 0 0 0 0
1055983983 18 0 3522 3 3215440225 1064119833 3208167593 18 3523 0 3215440225 1064119833 3208167593
1065353216 74 1 3432 17 1023167784 3180663041 3205180085 74 3433 17 1023167784 3180663041 3205180085
1073741824 37 1 762 11 1063195737 1069327743 1057810246 37 763 12 0 0 0
1073741824 25 1 6604 12 3213611811 1048023915 1073113891 51 0 0 3213611811 1048023915 1073113891
3178455375 7 0 6250 1 1050124778 3185768884 3216765050 17 0 0 1050124778 3185768884 3216765050
1065907558 17 0 6249 1 1068202175 3213554520 1071781616 17 6250 0 1068202175 3213554520 1071781616
1073741824 31 2 1380 5 1066813899 3204723229 1068591157 31 1381 0 1066813899 3204723229 1068591157
1073741824 23 1 6250 12 1051632906 3212945178 1064974504 51 0 0 1051632906 3212945178 1064974504
2143289344 19 1 3434 5 3180149249 1063716251 1059462207 19 3435 5 3180149249 1063716251 1059462207
2139095040 26 1 4639 5 3163425068 3193351609 3204401742 26 4640 6 0 0 0
1068013080 35 0 4294967295 7 3163129668 3212957225 1062996016 35 0 0 3163129668 3212957225 1062996016
1073741824 67 1 3386 4294967295 3221126327 3179913814 3217018332 67 3387 0 0 0 0
1070591798 69 1 3654 8 1065458645 3220368431 1071546060 69 3655 9 0 0 0
1065353216 73 1 6449 6 3218287046 3216053073 3215618099 17 0 0 3218287046 3216053073 3215618099
1073741824 24 1 6957 11 1032243263 3199254159 1003365757 17 0 0 0 0 0
1073741824 49 1 432 12 3216611945 3219455737 1033268593 51 0 0 3216611945 3219455737 1033268593
1019844250 47 0 6250 1 1059003647 3213161926 3218417816 17 0 0 1059003647 3213161926 3218417816
3210734729 33 0 6249 11 1068902849 1070711442 1039350331 33 6250 0 1068902849 1070711442 1039350331
1073741824 76 2 3270 5 3219596489 1061015001 1070236119 76 3271 0 3219596489 1061015001 1070236119
1073741824 52 1 6250 12 3219968650 3214566231 3208398344 51 0 0 3219968650 3214566231 3208398344
2143289344 62 1 6922 5 1070203859 1065594150 1073200355 17 0 0 1070203859 1065594150 1073200355
2139095040 1 1 4872 5 3209685249 3205393175 1068164197 1 4873 6 0 0 0
3211116471 26 0 4294967295 17 1071081901 1055289354 1061736225 26 0 0 1071081901 1055289354 1061736225
1073741824 67 1 380 4294967295 3208111825 3193828511 1071753838 67 381 0 0 0 0
1074400464 15 1 3126 4 3220334750 1064141431 3214886438 15 3127 5 0 0 0
1065353216 35 1 4354 0 3211209559 1029334997 1071169249 35 4355 0 3211209559 1029334997 1071169249
1073741824 46 1 1172 11 1068363672 3218462460 3199683163 46 1173 12 0 0 0
1073741824 39 1 1615 12 3214059657 3201453379 1071040702 51 0 0 3214059657 3201453379 1071040702
3207609418 57 0 6250 9 3214743880 1065891948 1022467845 17 0 0 3214743880 1065891948 1022467845
1069543423 22 0 6249 20 1066961400 1065312051 3211577441 22 6250 0 1066961400 1065312051 3211577441
1073741824 51 2 3699 5 3213921707 1066987246 3218461261 51 3700 0 3213921707 1066987246 3218461261
1073741824 38 1 6250 12 1067663954 3200472478 3199141767 51 0 0 1067663954 3200472478 3199141767
2143289344 41 1 2523 5 1054778575 3204908287 3211295163 41 2524 5 1054778575 3204908287 3211295163
2139095040 12 1 6165 5 1063919498 3198499101 3206874452 12 6166 6 0 0 0
1075281131 31 0 4294967295 16 1056929583 1043751841 3217801364 31 0 0 1056929583 1043751841 3217801364
1073741824 21 1 6466 4294967295 1061127856 3203117256 1068621916 17 0 0 0 0 0
1054191915 57 0 977 19 3210136966 3210952148 1061293931 57 978 0 3210136966 3210952148 1061293931
1065353216 61 1 4655 3 1068663706 3203905192 3213820505 61 4656 3 1068663706 3203905192 3213820505
1073741824 69 1 2912 11 1067832610 1069337249 1047169886 69 2913 12 0 0 0
1073741824 28 1 5846 12 1058734514 3212997357 1036410968 51 0 0 1058734514 3212997357 1036410968
1075299598 53 0 6250 0 1067350118 3201317158 1070002582 17 0 0 1067350118 3201317158 1070002582
3219360125 32 0 6249 14 3211478529 1062629356 1063306407 32 6250 0 3211478529 1062629356 1063306407
1073741824 7 2 4097 5 3206147009 3218203243 3213611325 7 4098 0 3206147009 3218203243 3213611325
1073741824 21 1 6250 12 3215119660 3198395257 1061787007 51 0 0 3215119660 3198395257 1061787007
2143289344 65 1 4955 5 1061063010 1066259311 3219801845 65 4956 5 1061063010 1066259311 3219801845
2139095040 79 1 7932 5 3212191150 1068207930 3217245959 17 0 0 0 0 0
3205511754 9 0 4294967295 17 1072395766 1073398470 3196395593 9 0 0 1072395766 1073398470 3196395593
1073741824 46 1 6271 4294967295 3206691274 1061222238 1056206677 17 0 0 0 0 0
1073405492 13 1 3037 8 1057373371 1063979291 3217740401 13 3038 9 0 0 0
1065353216 63 1 6436 5 1067938701 3216222392 1049663200 17 0 0 1067938701 3216222392 1049663200
1073741824 9 1 1969 11 3190421839 1056579279 1058428738 9 1970 12 0 0 0
1073741824 75 1 3896 12 1063257172 1069882948 1072774109 51 0 0 1063257172 1069882948 1072774109
1076322537 77 0 6250 5 3213727001 1071666803 3218389646 17 0 0 3213727001 1071666803 3218389646
1067582486 47 0 6249 4 1070705532 1045115399 1070223003 47 6250 0 1070705532 1045115399 1070223003
1073741824 62 2 7701 5 3216913772 1060361994 3220101667 17 0 0 3216913772 1060361994 3220101667
1073741824 69 1 6250 12 3176361418 3210125074 3177608426 51 0 0 3176361418 3210125074 3177608426
2143289344 77 1 5813 5 3213705136 1070337994 1062993976 77 5814 5 3213705136 1070337994 1062993976
2139095040 39 1 1106 5 1073355340 1065478068 3209294961 39 1107 6 0 0 0
1072767411 11 0 4294967295 6 1069403967 3200524171 3220723787 11 0 0 1069403967 3200524171 3220723787
1073741824 15 1 7253 4294967295 3214260352 3214617805 1069679509 17 0 0 0 0 0
1056863328 31 1 2685 6 3216787375 3197645793 3216975776 31 2686 6 3216787375 3197645793 3216975776
1065353216 19 1 1204 9 3210672174 3167575695 1069131032 19 1205 9 3210672174 3167575695 1069131032
1073741824 34 1 922 11 1073069355 3215005050 3212925181 34 923 12 0 0 0
1073741824 20 1 1707 12 3219502081 1054635283 1066828538 51 0 0 3219502081 1054635283 1066828538
1075339785 76 0 6250 3 3206379887 3213243443 3194746335 17 0 0 3206379887 3213243443 3194746335
1077422702 61 0 6249 10 1062156737 1054420385 3197698334 61 6250 0 1062156737 1054420385 3197698334
1073741824 35 2 3841 5 1065531014 1037756276 3211211157 35 3842 0 1065531014 1037756276 3211211157
1073741824 64 1 6250 12 1071501456 1070753319 1061538428 51 0 0 1071501456 1070753319 1061538428
2143289344 48 1 3842 5 1066454655 1066059101 3196902268 48 3843 5 1066454655 1066059101 3196902268
2139095040 15 1 5762 5 1066130548 3198429593 3207038281 15 5763 6 0 0 0
3216904471 34 0 4294967295 14 1066375185 3208913433 3213605575 34 0 0 1066375185 3208913433 3213605575
1073741824 35 1 5435 4294967295 1072678248 1057608333 1003609821 35 5436 0 0 0 0
1077114606 44 1 4196 17 3195818793 1059165464 3221194671 51 0 0 3195818793 1059165464 3221194671
1065353216 33 1 1016 16 3200503601 1062140648 3197375040 33 1017 16 3200503601 1062140648 3197375040
1073741824 78 1 2304 11 3218351140 3219916836 3218229574 78 2305 12 0 0 0
1073741824 6 1 1038 12 3214594494 3214221332 3215890335 51 0 0 3214594494 3214221332 3215890335
1071093601 58 0 6250 20 3218920003 1062780013 1069230222 17 0 0 3218920003 1062780013 1069230222
1076452858 54 0 6249 19 1031499843 3199758834 1056163310 54 6250 0 1031499843 3199758834 1056163310
1073741824 40 2 6860 5 1036548372 1033540107 1072030677 17 0 0 1036548372 1033540107 1072030677
1073741824 67 1 6250 12 1068127902 3212849094 1058793919 51 0 0 1068127902 3212849094 1058793919
2143289344 53 1 7378 5 3219087679 1058321231 1073361806 17 0 0 3219087679 1058321231 1073361806
2139095040 32 1 6864 5 1072371401 3200958623 3215031006 17 0 0 0 0 0
3188060410 35 0 4294967295 3 3186310668 1057656826 3171161384 35 0 0 3186310668 1057656826 3171161384
1073741824 57 1 4091 4294967295 3174849078 3205733568 3213914011 57 4092 0 0 0 0
1049833792 32 1 3108 6 3210865146 3208671299 1068176347 32 3109 6 3210865146 3208671299 1068176347
1065353216 28 1 6757 6 1063733731 1045802037 1056648214 17 0 0 1063733731 1045802037 1056648214
1073741824 73 1 3065 11 1059273389 1072725809 1072380022 73 3066 12 0 0 0
1073741824 34 1 6580 12 3212431843 3211210407 3191940587 51 0 0 3212431843 3211210407 3191940587
998672228 10 0 6250 17 1065834825 1065818999 1071440309 17 0 0 1065834825 1065818999 1071440309
1062034916 31 0 6249 12 3214610853 3200640698 1063195561 31 6250 0 3214610853 3200640698 1063195561
1073741824 15 2 2384 5 3211279812 1059820804 3217767928 15 2385 0 3211279812 1059820804 3217767928
1073741824 14 1 6250 12 1068755822 3218188021 3220127759 51 0 0 1068755822 3218188021 3220127759
2143289344 26 1 1051 5 1053709148 1066119616 3215660084 26 1052 5 1053709148 1066119616 3215660084
2139095040 49 1 4471 5 3216417175 3220817463 3174727989 49 4472 6 0 0 0
1074448061 19 0 4294967295 4 3213553275 3217060515 1068488838 19 0 0 3213553275 3217060515 1068488838
1073741824 69 1 2924 4294967295 3217124904 3219150122 1052909319 69 2925 0 0 0 0
1074511403 46 1 4510 9 3182039438 3171663638 1071829201 46 4511 10 0 0 0
1065353216 14 1 7423 5 1069843038 3220016613 3207287859 17 0 0 1069843038 3220016613 3207287859
1073741824 7 1 5866 11 1061990665 3214794335 3215233581 7 5867 12 0 0 0
1073741824 46 1 431 12 3213211138 1072715529 1065450995 51 0 0 3213211138 1072715529 1065450995
1057763714 23 0 6250 12 3215966386 1059367871 1066845850 17 0 0 3215966386 1059367871 1066845850
1073759877 55 0 6249 19 1069294893 3214985520 3214837213 55 6250 0 1069294893 3214985520 3214837213
1073741824 15 2 2089 5 3211398715 3210159539 1072579512 15 2090 0 3211398715 3210159539 1072579512
1073741824 9 1 6250 12 1064731689 3201171235 3207053420 51 0 0 1064731689 3201171235 3207053420
2143289344 39 1 1316 5 1066284786 3214600476 3212623010 39 1317 5 1066284786 3214600476 3212623010
2139095040 4 1 4960 5 1062417659 3216872489 3215070681 4 4961 6 0 0 0
3193934665 1 0 4294967295 9 1061955944 1066898693 3184647827 1 0 0 1061955944 1066898693 3184647827
1073741824 1 1 6940 4294967295 1070546904 1052164978 1066667959 17 0 0 0 0 0
1076289741 17 1 6735 17 1068858124 3172007226 3197879507 51 0 0 1068858124 3172007226 3197879507
1065353216 26 1 4653 20 1047414705 3206350862 3218206056 26 4654 20 1047414705 3206350862 3218206056
1073741824 16 1 7339 11 3217159578 3218277928 3221046986 17 0 0 0 0 0
1073741824 32 1 51 12 1058712222 3207706841 1061769584 51 0 0 1058712222 3207706841 1061769584
3210087777 53 0 6250 16 3209100147 3213986997 3194537491 17 0 0 3209100147 3213986997 3194537491
3209851734 18 0 6249 20 3219940704 3218570853 3213946329 18 6250 0 3219940704 3218570853 3213946329
1073741824 60 2 82 5 3219350184 1065924003 3220627089 60 83 0 3219350184 1065924003 3220627089
1073741824 59 1 6250 12 1056089611 1071889052 3201422779 51 0 0 1056089611 1071889052 3201422779
2143289344 58 1 1768 5 1072864195 3213154300 3217847780 58 1769 5 1072864195 3213154300 3217847780
2139095040 55 1 3299 5 1068545924 1059396521 1067298291 55 3300 6 0 0 0
3196159676 71 0 4294967295 5 3213966812 1057585737 3204698035 71 0 0 3213966812 1057585737 3204698035
1073741824 57 1 6760 4294967295 1065866399 1051908599 3197723444 17 0 0 0 0 0
1071877046 71 1 3857 9 1071967816 3198139978 1069980564 71 3858 10 0 0 0
1065353216 22 1 7490 15 1067141480 1067402731 1065779291 17 0 0 1067141480 1067402731 1065779291
1073741824 36 1 1479 11 1067340864 3211192734 1066948250 36 1480 12 0 0 0
1073741824 65 1 2004 12 1071463948 3218153607 1069395616 51 0 0 1071463948 3218153607 1069395616
3219610770 56 0 6250 0 3189808971 3198756487 1062935678 17 0 0 3189808971 3198756487 1062935678
1033947969 64 0 6249 3 3173911534 3205503835 3220448933 64 6250 0 3173911534 3205503835 3220448933
1073741824 17 2 6411 5 3216523427 1071392933 3216828784 17 0 0 3216523427 1071392933 3216828784
1073741824 24 1 6250 12 1065530272 3210817355 1065443139 51 0 0 1065530272 3210817355 1065443139
2143289344 64 1 3970 5 1057056169 3215985950 1072680011 64 3971 5 1057056169 3215985950 1072680011
2139095040 17 1 6789 5 1052258320 1063626888 3176274652 17 0 0 0 0 0
1077671924 9 0 4294967295 1 1058930711 1035804469 1060466086 9 0 0 1058930711 1035804469 1060466086
1073741824 62 1 2377 4294967295 3220768694 1065876307 3219303142 62 2378 0 0 0 0
3200081695 44 0 1859 5 3216024996 1066386584 3214814620 44 1860 0 3216024996 1066386584 3214814620
1065353216 35 1 5197 13 3213529130 3205767021 3203512916 35 5198 13 3213529130 3205767021 3203512916
1073741824 71 1 5064 11 1059389602 3210989229 3206920568 71 5065 12 0 0 0
1073741824 60 1 7722 12 3212145863 1062662696 3218759252 51 0 0 3212145863 1062662696 3218759252
3198616664 25 0 6250 5 3193541493 3211847440 1062644893 17 0 0 3193541493 3211847440 1062644893
3209874809 49 0 6249 16 1051287335 1065748278 3218629172 49 6250 0 1051287335 1065748278 3218629172
1073741824 70 2 12 5 1070833235 3215530977 1066584763 70 13 0 1070833235 3215530977 1066584763
1073741824 42 1 6250 12 1070033387 3219928767 1039393779 51 0 0 1070033387 3219928767 1039393779
2143289344 21 1 4239 5 1070365847 1062289895 1063067446 21 4240 5 1070365847 1062289895 1063067446
2139095040 29 1 1252 5 1055506057 3221175969 1071035465 29 1253 6 0 0 0
3218668864 50 0 4294967295 5 1069674127 3214016418 3206530677 50 0 0 1069674127 3214016418 3206530677
1073741824 75 1 7629 4294967295 3211246044 1059697310 1068435460 17 0 0 0 0 0
1076116682 61 1 4641 1 3219844010 1072161703 1049948826 61 4642 2 0 0 0
1065353216 1 1 4499 11 3218846189 1069509773 1059031346 1 4500 11 3218846189 1069509773 1059031346
1073741824 20 1 343 11 1073057543 3188257579 1059372098 20 344 12 0 0 0
1073741824 25 1 3390 12 1062002741 3219712182 3157630766 51 0 0 1062002741 3219712182 3157630766
1075228354 48 0 6250 5 1069619156 1066749296 3221037848 17 0 0 1069619156 1066749296 3221037848
1077828751 7 0 6249 17 1070163148 1047674500 1066477325 7 6250 0 1070163148 1047674500 1066477325
1073741824 70 2 7001 5 1045569192 3197417177 3193522419 17 0 0 1045569192 3197417177 3193522419
1073741824 43 1 6250 12 3219354736 1062553121 3196965671 51 0 0 3219354736 1062553121 3196965671
2143289344 43 1 1897 5 3213587956 1052634727 3207986103 43 1898 5 3213587956 1052634727 3207986103
2139095040 51 1 1495 5 1038124443 3215112688 3207932792 51 1496 6 0 0 0
3219675077 51 0 4294967295 6 1069850637 3215945200 1068120382 51 0 0 1069850637 3215945200 1068120382
1073741824 47 1 1257 4294967295 3221081823 3217842613 1073333487 47 1258 0 0 0 0
1071767753 54 1 7845 11 3209051404 1070689879 3192529476 17 0 0 0 0 0
1065353216 41 1 7536 11 3201456710 3218613537 3210356290 17 0 0 3201456710 3218613537 3210356290
1073741824 4 1 2057 11 1066972932 1066312011 1059127814 4 2058 12 0 0 0
1073741824 38 1 4767 12 1071277547 1071458475 3217608659 51 0 0 1071277547 1071458475 3217608659
3218641877 11 0 6250 19 1068180707 3191472311 3219787963 17 0 0 1068180707 3191472311 3219787963
1049028491 63 0 6249 2 1062461593 3213713676 3187835433 63 6250 0 1062461593 3213713676 3187835433
1073741824 43 2 4762 5 3205379454 1072737272 3217983880 43 4763 0 3205379454 1072737272 3217983880
1073741824 52 1 6250 12 1068609569 1060528202 3213280006 51 0 0 1068609569 1060528202 3213280006
2143289344 5 1 6202 5 1056280995 1053288911 3205877467 5 6203 5 1056280995 1053288911 3205877467
2139095040 20 1 5693 5 1061417045 1067982657 1073100373 20 5694 6 0 0 0
1046751427 70 0 4294967295 5 3217435971 1059073177 3200824382 70 0 0 3217435971 1059073177 3200824382
1073741824 31 1 7422 4294967295 3220200284 3216624113 3203580944 17 0 0 0 0 0
1062251807 6 0 3923 9 3217579946 3196366368 3213754927 6 3924 0 3217579946 3196366368 3213754927
1065353216 35 1 4795 13 3204571672 1066854829 1056113406 35 4796 13 3204571672 1066854829 1056113406
1073741824 60 1 6871 11 1054257708 3213425288 3217485191 17 0 0 0 0 0
1073741824 39 1 3496 12 1058082045 1064152773 3215263611 51 0 0 1058082045 1064152773 3215263611
1075207075 57 0 6250 0 3220199949 3204389382 1072092616 17 0 0 3220199949 3204389382 1072092616
3219532579 67 0 6249 1 3158948721 3187777040 1059623042 67 6250 0 3158948721 3187777040 1059623042
1073741824 62 2 1780 5 1067424901 1065091878 3204949947 62 1781 0 1067424901 1065091878 3204949947
1073741824 62 1 6250 12 3212312621 3217404451 3217106007 51 0 0 3212312621 3217404451 3217106007
2143289344 38 1 4440 5 1067663808 1058733099 1071739757 38 4441 5 1067663808 1058733099 1071739757
2139095040 71 1 4325 5 1048941442 1069725403 3219726459 71 4326 6 0 0 0
1074724432 74 0 4294967295 20 1063897955 3198210965 3213780995 74 0 0 1063897955 3198210965 3213780995
1073741824 52 1 5199 4294967295 1072594143 1062727194 3196919409 52 5200 0 0 0 0
3205890634 44 0 6953 19 3211670875 3207359471 3214797882 17 0 0 3211670875 3207359471 3214797882
1065353216 51 1 1018 1 3210302861 1067822644 1061256503 51 1019 1 3210302861 1067822644 1061256503
1073741824 68 1 6416 11 3190097418 3220234515 1072416792 17 0 0 0 0 0
1073741824 71 1 6223 12 1069710880 3194844173 3213254912 51 0 0 1069710880 3194844173 3213254912
1061959811 37 0 6250 8 3208419031 1071219611 3220407687 17 0 0 3208419031 1071219611 3220407687
3219619463 8 0 6249 10 1069620984 1069377339 3218742981 8 6250 0 1069620984 1069377339 3218742981
1073741824 10 2 1407 5 1073098562 1068349853 1043301354 10 1408 0 1073098562 1068349853 1043301354
1073741824 54 1 6250 12 1066176954 1068579282 1073428896 51 0 0 1066176954 1068579282 1073428896
2143289344 16 1 6185 5 1060109895 3217990903 1073365528 16 6186 5 1060109895 3217990903 1073365528
2139095040 18 1 3910 5 1068393250 1054262015 1040449311 18 3911 6 0 0 0
3220241890 65 0 4294967295 4 3214146866 1066419614 1073518589 65 0 0 3214146866 1066419614 1073518589
1073741824 60 1 825 4294967295 3219051598 1072931066 3214236314 60 826 0 0 0 0
1066757086 59 0 800 16 3197892463 1073339795 1071894565 59 801 0 3197892463 1073339795 1071894565
1065353216 73 1 312 3 3187647972 1039941185 3191965888 73 313 3 3187647972 1039941185 3191965888
1073741824 58 1 2975 11 1060861931 3214433923 1070456750 58 2976 12 0 0 0
1073741824 53 1 5483 12 1065314440 1071261344 1044118987 51 0 0 1065314440 1071261344 1044118987
1065498520 65 0 6250 1 3205223143 1063366957 3214640163 17 0 0 3205223143 1063366957 3214640163
1073934006 54 0 6249 20 1073368923 3204799111 3184186538 54 6250 0 1073368923 3204799111 3184186538
1073741824 53 2 7391 5 3216226551 3218147082 1070144658 17 0 0 3216226551 3218147082 1070144658
1073741824 52 1 6250 12 3207269736 1057675524 3201948243 51 0 0 3207269736 1057675524 3201948243
2143289344 51 1 2950 5 3182580114 1073227983 1067888263 51 2951 5 3182580114 1073227983 1067888263
2139095040 63 1 3896 5 1065761563 1057156190 1051976570 63 3897 6 0 0 0
1065172694 26 0 4294967295 8 1059121822 3186106708 3207293703 26 0 0 1059121822 3186106708 3207293703
1073741824 71 1 4735 4294967295 3214727027 1061424861 3217757121 71 4736 0 0 0 0
1077125590 62 0 1555 12 1066047627 3219790166 3214303201 62 1556 0 1066047627 3219790166 3214303201
1065353216 11 1 4525 3 1053676826 3185561097 1072229210 11 4526 3 1053676826 3185561097 1072229210
1073741824 54 1 4262 11 3213463550 1073506818 3171043966 54 4263 12 0 0 0
1073741824 64 1 3480 12 3214887590 1067918149 1068893719 51 0 0 3214887590 1067918149 1068893719
3214128316 64 0 6250 12 1059676793 1068194740 3220415140 17 0 0 1059676793 1068194740 3220415140
1069574008 75 0 6249 14 3210319195 3220832273 3211645797 75 6250 0 3210319195 3220832273 3211645797
1073741824 71 2 7156 5 1058439812 1060813846 1071401732 17 0 0 1058439812 1060813846 1071401732
1073741824 10 1 6250 12 3219190131 1055739608 1071623209 51 0 0 3219190131 1055739608 1071623209
2143289344 26 1 4174 5 3171845300 1069542586 3215724230 26 4175 5 3171845300 1069542586 3215724230
2139095040 76 1 7853 5 1030267883 1069111547 1058341854 17 0 0 0 0 0
1077364962 5 0 4294967295 7 1068794644 3213812948 3197931189 5 0 0 1068794644 3213812948 3197931189
1073741824 73 1 1280 4294967295 3219122632 1073465018 3208665728 73 1281 0 0 0 0
1076956851 70 1 2839 18 3204037516 1062883683 3218068578 51 0 0 3204037516 1062883683 3218068578
1065353216 77 1 5753 15 1071888076 1067578939 1066695629 77 5754 15 1071888076 1067578939 1066695629
1073741824 11 1 6403 11 1069149573 1048948043 1068097643 17 0 0 0 0 0
1073741824 2 1 3224 12 3214030244 1051574737 3200219752 51 0 0 3214030244 1051574737 3200219752
3213789588 29 0 6250 19 1057829149 3214069472 3212928652 17 0 0 1057829149 3214069472 3212928652
1063204309 31 0 6249 8 1069462754 1044286696 3220450889 31 6250 0 1069462754 1044286696 3220450889
1073741824 68 2 6672 5 3214887387 3220171744 1065399619 17 0 0 3214887387 3220171744 1065399619
1073741824 13 1 6250 12 3219202195 1054671589 1062266357 51 0 0 3219202195 1054671589 1062266357
2143289344 12 1 5612 5 3183043579 3154188569 3210764566 12 5613 5 3183043579 3154188569 3210764566
2139095040 75 1 5982 5 1064346082 3216040736 1068602693 75 5983 6 0 0 0
1074176217 14 0 4294967295 15 1059372055 1066618400 3215385882 14 0 0 1059372055 1066618400 3215385882
1073741824 76 1 6303 4294967295 1071059797 1069553792 3216290106 17 0 0 0 0 0
1067633410 7 0 7156 6 1061922840 3206414697 3214202179 17 0 0 1061922840 3206414697 3214202179
1065353216 52 1 7896 7 3217888883 3192318944 3211439778 17 0 0 3217888883 3192318944 3211439778
1073741824 59 1 7311 11 1062200610 1065351522 1050944950 17 0 0 0 0 0
1073741824 13 1 4605 12 1019745129 1053849679 1055296118 51 0 0 1019745129 1053849679 1055296118
3212036084 42 0 6250 11 1062909949 3218826805 1058041985 17 0 0 1062909949 3218826805 1058041985
3209170600 66 0 6249 0 3198664075 1070486150 1055047991 66 6250 0 3198664075 1070486150 1055047991
1073741824 28 2 5426 5 1070475376 3212966456 1065326115 28 5427 0 1070475376 3212966456 1065326115
1073741824 17 1 6250 12 3219268970 3201397494 3221111753 51 0 0 3219268970 3201397494 3221111753
2143289344 76 1 1751 5 1069422170 1067520127 3210108215 76 1752 5 1069422170 1067520127 3210108215
2139095040 27 1 6770 5 3215433358 3213652635 3208853630 17 0 0 0 0 0
3206502754 63 0 4294967295 3 1058928285 3218447940 3214982551 63 0 0 1058928285 3218447940 3214982551
1073741824 35 1 27 4294967295 3206656366 3218329298 3213779076 35 28 0 0 0 0
1065432991 28 0 5744 0 3214156282 1060525404 3208125729 28 5745 0 3214156282 1060525404 3208125729
1065353216 28 1 3505 8 1069932058 3203352288 3220623184 28 3506 8 1069932058 3203352288 3220623184
1073741824 78 1 1178 11 1049626868 1073402196 3218708250 78 1179 12 0 0 0
1073741824 17 1 1491 12 3219910483 3207670323 1055352774 51 0 0 3219910483 3207670323 1055352774
1076348577 43 0 6250 11 1062915436 1029993341 3198151074 17 0 0 1062915436 1029993341 3198151074
1074112549 12 0 6249 20 3206854172 1012905197 3214411478 12 6250 0 3206854172 1012905197 3214411478
1073741824 50 2 4775 5 1064206657 3216575847 3219821881 50 4776 0 1064206657 3216575847 3219821881
1073741824 40 1 6250 12 1064114415 1067154241 1057715765 51 0 0 1064114415 1067154241 1057715765
2143289344 1 1 6269 5 1028180197 1070783626 1060630623 17 0 0 1028180197 1070783626 1060630623
2139095040 34 1 4574 5 3189670660 1064901384 1056102792 34 4575 6 0 0 0
1076996516 9 0 4294967295 20 1067283572 1022238600 3190858649 9 0 0 1067283572 1022238600 3190858649
1073741824 29 1 5570 4294967295 3211373400 1068490781 1059050676 29 5571 0 0 0 0
1066834331 79 1 1381 15 3206158564 3185696915 1062945315 51 0 0 3206158564 3185696915 1062945315
1065353216 47 1 5984 10 1064469604 3199651596 3186577440 47 5985 10 1064469604 3199651596 3186577440
1073741824 48 1 5982 11 1058465564 1066631346 3217000436 48 5983 12 0 0 0
1073741824 9 1 6523 12 1052199827 1065913477 1050505985 51 0 0 1052199827 1065913477 1050505985
1057243996 46 0 6250 10 3217209720 3220166683 1045435369 17 0 0 3217209720 3220166683 1045435369
3205102987 9 0 6249 5 3209135525 1057703404 3164175485 9 6250 0 3209135525 1057703404 3164175485
1073741824 56 2 5810 5 1060202210 3191446861 1062938670 56 5811 0 1060202210 3191446861 1062938670
1073741824 55 1 6250 12 1034585726 3207709073 3215440858 51 0 0 1034585726 3207709073 3215440858
2143289344 54 1 2992 5 1071443391 3213729250 3221041939 54 2993 5 1071443391 3213729250 3221041939
2139095040 78 1 1184 5 1066677060 3206505005 3213483241 78 1185 6 0 0 0
1048315142 77 0 4294967295 12 1072366173 3209361762 3183310831 77 0 0 1072366173 3209361762 3183310831
1073741824 75 1 4192 4294967295 3213481621 3197430389 3214020071 75 4193 0 0 0 0
1077652154 63 1 7697 0 3196090606 3205831585 1054002305 17 0 0 0 0 0
1065353216 37 1 1754 16 1064964362 1065929655 3198606921 37 1755 16 1064964362 1065929655 3198606921
1073741824 9 1 805 11 1063965108 3216022531 1054009159 9 806 12 0 0 0
1073741824 23 1 2908 12 1054393011 1071704873 1061103936 51 0 0 1054393011 1071704873 1061103936
1066015569 69 0 6250 12 1060224786 3217408342 3210406522 17 0 0 1060224786 3217408342 3210406522
3219426992 51 0 6249 1 3218091391 3204122641 1059450654 51 6250 0 3218091391 3204122641 1059450654
1073741824 79 2 3908 5 3219573459 3218956917 3203880259 79 3909 0 3219573459 3218956917 3203880259
1073741824 6 1 6250 12 1065036247 3199107477 3208259035 51 0 0 1065036247 3199107477 3208259035
2143289344 33 1 6666 5 1059794214 3197311821 1045425113 17 0 0 1059794214 3197311821 1045425113
2139095040 33 1 5041 5 1061749254 3212675227 1049249012 33 5042 6 0 0 0
1056537448 78 0 4294967295 17 3208852578 3209836776 1071901515 78 0 0 3208852578 3209836776 1071901515
1073741824 40 1 4083 4294967295 3203588229 3211942460 3135474759 40 4084 0 0 0 0
3185166778 33 1 3585 4 1058594409 3218744946 1066160196 33 3586 4 1058594409 3218744946 1066160196
1065353216 57 1 5671 17 1060464472 3209171461 3168497155 57 5672 17 1060464472 3209171461 3168497155
1073741824 57 1 7738 11 1015855655 3206783859 3215572808 17 0 0 0 0 0
1073741824 34 1 4603 12 3220235410 1061668291 3212499433 51 0 0 3220235410 1061668291 3212499433
